-0.4 0.19999 0.002 0 -3.141593 0
-0.4 0.19996 0.004 0 -3.141593 0
-0.4 0.19991 0.005999 0 -3.141593 0
-0.4 0.19984 0.007998 0 -3.141593 0
-0.4 0.19975 0.009996 0 -3.141593 0
-0.4 0.19964 0.011993 0 -3.141593 0
-0.4 0.19951 0.013989 0 -3.141593 0
-0.4 0.19936 0.015983 0 -3.141593 0
-0.4 0.199191 0.017976 0 -3.141593 0
-0.4 0.199001 0.019967 0 -3.141593 0
-0.4 0.198791 0.021956 0 -3.141593 0
-0.4 0.198562 0.023942 0 -3.141593 0
-0.4 0.198312 0.025927 0 -3.141593 0
-0.4 0.198043 0.027909 0 -3.141593 0
-0.4 0.197754 0.029888 0 -3.141593 0
-0.4 0.197445 0.031864 0 -3.141593 0
-0.4 0.197117 0.033836 0 -3.141593 0
-0.4 0.196769 0.035806 0 -3.141593 0
-0.4 0.196401 0.037772 0 -3.141593 0
-0.4 0.196013 0.039734 0 -3.141593 0
-0.4 0.195606 0.041692 0 -3.141593 0
-0.4 0.195179 0.043646 0 -3.141593 0
-0.4 0.194733 0.045596 0 -3.141593 0
-0.4 0.194268 0.047541 0 -3.141593 0
-0.4 0.193782 0.049481 0 -3.141593 0
-0.4 0.193278 0.051416 0 -3.141593 0
-0.4 0.192754 0.053346 0 -3.141593 0
-0.4 0.192211 0.055271 0 -3.141593 0
-0.4 0.191649 0.05719 0 -3.141593 0
-0.4 0.191067 0.059104 0 -3.141593 0
-0.4 0.190467 0.061012 0 -3.141593 0
-0.4 0.189847 0.062913 0 -3.141593 0
-0.4 0.189208 0.064809 0 -3.141593 0
-0.4 0.188551 0.066697 0 -3.141593 0
-0.4 0.187875 0.06858 0 -3.141593 0
-0.4 0.187179 0.070455 0 -3.141593 0
-0.4 0.186465 0.072323 0 -3.141593 0
-0.4 0.185733 0.074184 0 -3.141593 0
-0.4 0.184982 0.076038 0 -3.141593 0
-0.4 0.184212 0.077884 0 -3.141593 0
-0.4 0.183424 0.079722 0 -3.141593 0
-0.4 0.182618 0.081552 0 -3.141593 0
-0.4 0.181793 0.083374 0 -3.141593 0
-0.4 0.18095 0.085188 0 -3.141593 0
-0.4 0.180089 0.086993 0 -3.141593 0
-0.4 0.17921 0.08879 0 -3.141593 0
-0.4 0.178314 0.090577 0 -3.141593 0
-0.4 0.177399 0.092356 0 -3.141593 0
-0.4 0.176467 0.094125 0 -3.141593 0
-0.4 0.175517 0.095885 0 -3.141593 0
-0.4 0.174549 0.097635 0 -3.141593 0
-0.4 0.173564 0.099376 0 -3.141593 0
-0.4 0.172561 0.101107 0 -3.141593 0
-0.4 0.171542 0.102827 0 -3.141593 0
-0.4 0.170505 0.104537 0 -3.141593 0
-0.4 0.169451 0.106237 0 -3.141593 0
-0.4 0.16838 0.107926 0 -3.141593 0
-0.4 0.167293 0.109605 0 -3.141593 0
-0.4 0.166188 0.111272 0 -3.141593 0
-0.4 0.165067 0.112928 0 -3.141593 0
-0.4 0.16393 0.114573 0 -3.141593 0
-0.4 0.162776 0.116207 0 -3.141593 0
-0.4 0.161606 0.117829 0 -3.141593 0
-0.4 0.160419 0.119439 0 -3.141593 0
-0.4 0.159217 0.121037 0 -3.141593 0
-0.4 0.157998 0.122623 0 -3.141593 0
-0.4 0.156764 0.124197 0 -3.141593 0
-0.4 0.155515 0.125759 0 -3.141593 0
-0.4 0.154249 0.127307 0 -3.141593 0
-0.4 0.152968 0.128844 0 -3.141593 0
-0.4 0.151672 0.130367 0 -3.141593 0
-0.4 0.150361 0.131877 0 -3.141593 0
-0.4 0.149035 0.133374 0 -3.141593 0
-0.4 0.147694 0.134858 0 -3.141593 0
-0.4 0.146338 0.136328 0 -3.141593 0
-0.4 0.144967 0.137784 0 -3.141593 0
-0.4 0.143582 0.139227 0 -3.141593 0
-0.4 0.142183 0.140656 0 -3.141593 0
-0.4 0.140769 0.142071 0 -3.141593 0
-0.4 0.139341 0.143471 0 -3.141593 0
-0.4 0.1379 0.144857 0 -3.141593 0
-0.4 0.136444 0.146229 0 -3.141593 0
-0.4 0.134975 0.147586 0 -3.141593 0
-0.4 0.133493 0.148929 0 -3.141593 0
-0.4 0.131997 0.150256 0 -3.141593 0
-0.4 0.130487 0.151569 0 -3.141593 0
-0.4 0.128965 0.152866 0 -3.141593 0
-0.4 0.12743 0.154148 0 -3.141593 0
-0.4 0.125882 0.155414 0 -3.141593 0
-0.4 0.124322 0.156665 0 -3.141593 0
-0.4 0.122749 0.157901 0 -3.141593 0
-0.4 0.121164 0.15912 0 -3.141593 0
-0.4 0.119567 0.160324 0 -3.141593 0
-0.4 0.117958 0.161512 0 -3.141593 0
-0.4 0.116337 0.162683 0 -3.141593 0
-0.4 0.114704 0.163838 0 -3.141593 0
-0.4 0.11306 0.164977 0 -3.141593 0
-0.4 0.111405 0.166099 0 -3.141593 0
-0.4 0.109738 0.167205 0 -3.141593 0
-0.4 0.10806 0.168294 0 -3.141593 0
-0.4 0.106372 0.169366 0 -3.141593 0
-0.4 0.104673 0.170422 0 -3.141593 0
-0.4 0.102964 0.17146 0 -3.141593 0
-0.4 0.101244 0.172481 0 -3.141593 0
-0.4 0.099514 0.173485 0 -3.141593 0
-0.4 0.097774 0.174471 0 -3.141593 0
-0.4 0.096025 0.17544 0 -3.141593 0
-0.4 0.094266 0.176392 0 -3.141593 0
-0.4 0.092497 0.177325 0 -3.141593 0
-0.4 0.090719 0.178241 0 -3.141593 0
-0.4 0.088932 0.17914 0 -3.141593 0
-0.4 0.087136 0.18002 0 -3.141593 0
-0.4 0.085332 0.180882 0 -3.141593 0
-0.4 0.083519 0.181727 0 -3.141593 0
-0.4 0.081697 0.182553 0 -3.141593 0
-0.4 0.079868 0.183361 0 -3.141593 0
-0.4 0.07803 0.18415 0 -3.141593 0
-0.4 0.076185 0.184921 0 -3.141593 0
-0.4 0.074332 0.185674 0 -3.141593 0
-0.4 0.072472 0.186408 0 -3.141593 0
-0.4 0.070604 0.187123 0 -3.141593 0
-0.4 0.068729 0.18782 0 -3.141593 0
-0.4 0.066848 0.188498 0 -3.141593 0
-0.4 0.064959 0.189157 0 -3.141593 0
-0.4 0.063064 0.189797 0 -3.141593 0
-0.4 0.061163 0.190418 0 -3.141593 0
-0.4 0.059256 0.19102 0 -3.141593 0
-0.4 0.057343 0.191603 0 -3.141593 0
-0.4 0.055424 0.192167 0 -3.141593 0
-0.4 0.0535 0.192712 0 -3.141593 0
-0.4 0.05157 0.193237 0 -3.141593 0
-0.4 0.049635 0.193743 0 -3.141593 0
-0.4 0.047695 0.19423 0 -3.141593 0
-0.4 0.045751 0.194697 0 -3.141593 0
-0.4 0.043801 0.195145 0 -3.141593 0
-0.4 0.041848 0.195573 0 -3.141593 0
-0.4 0.03989 0.195982 0 -3.141593 0
-0.4 0.037928 0.196371 0 -3.141593 0
-0.4 0.035963 0.19674 0 -3.141593 0
-0.4 0.033993 0.19709 0 -3.141593 0
-0.4 0.032021 0.19742 0 -3.141593 0
-0.4 0.030045 0.19773 0 -3.141593 0
-0.4 0.028066 0.198021 0 -3.141593 0
-0.4 0.026085 0.198292 0 -3.141593 0
-0.4 0.024101 0.198543 0 -3.141593 0
-0.4 0.022114 0.198774 0 -3.141593 0
-0.4 0.020125 0.198985 0 -3.141593 0
-0.4 0.018134 0.199176 0 -3.141593 0
-0.4 0.016142 0.199348 0 -3.141593 0
-0.4 0.014147 0.199499 0 -3.141593 0
-0.4 0.012152 0.19963 0 -3.141593 0
-0.4 0.010155 0.199742 0 -3.141593 0
-0.4 0.008157 0.199834 0 -3.141593 0
-0.4 0.006158 0.199905 0 -3.141593 0
-0.4 0.004159 0.199957 0 -3.141593 0
-0.4 0.002159 0.199988 0 -3.141593 0
-0.4 0.000159 0.2 0 -3.141593 0
-0.4 -0.001841 0.199992 0 -3.141593 0
-0.4 -0.00384 0.199963 0 -3.141593 0
-0.4 -0.00584 0.199915 0 -3.141593 0
-0.4 -0.007839 0.199846 0 -3.141593 0
-0.4 -0.009837 0.199758 0 -3.141593 0
-0.4 -0.011834 0.19965 0 -3.141593 0
-0.4 -0.01383 0.199521 0 -3.141593 0
-0.4 -0.015824 0.199373 0 -3.141593 0
-0.4 -0.017817 0.199205 0 -3.141593 0
-0.4 -0.019808 0.199017 0 -3.141593 0
-0.4 -0.021797 0.198809 0 -3.141593 0
-0.4 -0.023784 0.198581 0 -3.141593 0
-0.4 -0.025769 0.198333 0 -3.141593 0
-0.4 -0.027751 0.198065 0 -3.141593 0
-0.4 -0.02973 0.197778 0 -3.141593 0
-0.4 -0.031706 0.197471 0 -3.141593 0
-0.4 -0.033679 0.197144 0 -3.141593 0
-0.4 -0.035649 0.196797 0 -3.141593 0
-0.4 -0.037615 0.196431 0 -3.141593 0
-0.4 -0.039578 0.196045 0 -3.141593 0
-0.4 -0.041536 0.195639 0 -3.141593 0
-0.4 -0.04349 0.195214 0 -3.141593 0
-0.4 -0.04544 0.19477 0 -3.141593 0
-0.4 -0.047386 0.194305 0 -3.141593 0
-0.4 -0.049326 0.193822 0 -3.141593 0
-0.4 -0.051262 0.193319 0 -3.141593 0
-0.4 -0.053193 0.192797 0 -3.141593 0
-0.4 -0.055118 0.192255 0 -3.141593 0
-0.4 -0.057038 0.191694 0 -3.141593 0
-0.4 -0.058952 0.191114 0 -3.141593 0
-0.4 -0.06086 0.190515 0 -3.141593 0
-0.4 -0.062762 0.189897 0 -3.141593 0
-0.4 -0.064658 0.18926 0 -3.141593 0
-0.4 -0.066547 0.188604 0 -3.141593 0
-0.4 -0.06843 0.187929 0 -3.141593 0
-0.4 -0.070306 0.187235 0 -3.141593 0
-0.4 -0.072175 0.186523 0 -3.141593 0
-0.4 -0.074036 0.185792 0 -3.141593 0
-0.4 -0.07589 0.185042 0 -3.141593 0
-0.4 -0.077737 0.184274 0 -3.141593 0
-0.4 -0.079576 0.183488 0 -3.141593 0
-0.4 -0.081407 0.182683 0 -3.141593 0
-0.4 -0.083229 0.181859 0 -3.141593 0
-0.4 -0.085044 0.181018 0 -3.141593 0
-0.4 -0.08685 0.180159 0 -3.141593 0
-0.4 -0.088647 0.179281 0 -3.141593 0
-0.4 -0.090435 0.178386 0 -3.141593 0
-0.4 -0.092215 0.177472 0 -3.141593 0
-0.4 -0.093985 0.176541 0 -3.141593 0
-0.4 -0.095745 0.175593 0 -3.141593 0
-0.4 -0.097496 0.174627 0 -3.141593 0
-0.4 -0.099238 0.173643 0 -3.141593 0
-0.4 -0.100969 0.172642 0 -3.141593 0
-0.4 -0.102691 0.171624 0 -3.141593 0
-0.4 -0.104402 0.170588 0 -3.141593 0
-0.4 -0.106102 0.169536 0 -3.141593 0
-0.4 -0.107792 0.168466 0 -3.141593 0
-0.4 -0.109472 0.16738 0 -3.141593 0
-0.4 -0.11114 0.166277 0 -3.141593 0
-0.4 -0.112797 0.165157 0 -3.141593 0
-0.4 -0.114443 0.164021 0 -3.141593 0
-0.4 -0.116077 0.162868 0 -3.141593 0
-0.4 -0.1177 0.161699 0 -3.141593 0
-0.4 -0.119311 0.160514 0 -3.141593 0
-0.4 -0.12091 0.159313 0 -3.141593 0
-0.4 -0.122498 0.158096 0 -3.141593 0
-0.4 -0.124072 0.156863 0 -3.141593 0
-0.4 -0.125635 0.155615 0 -3.141593 0
-0.4 -0.127185 0.154351 0 -3.141593 0
-0.4 -0.128722 0.153071 0 -3.141593 0
-0.4 -0.130246 0.151776 0 -3.141593 0
-0.4 -0.131757 0.150466 0 -3.141593 0
-0.4 -0.133255 0.149141 0 -3.141593 0
-0.4 -0.13474 0.147801 0 -3.141593 0
-0.4 -0.136211 0.146446 0 -3.141593 0
-0.4 -0.137669 0.145077 0 -3.141593 0
-0.4 -0.139113 0.143693 0 -3.141593 0
-0.4 -0.140543 0.142295 0 -3.141593 0
-0.4 -0.141959 0.140882 0 -3.141593 0
-0.4 -0.14336 0.139456 0 -3.141593 0
-0.4 -0.144748 0.138015 0 -3.141593 0
-0.4 -0.14612 0.136561 0 -3.141593 0
-0.4 -0.147479 0.135093 0 -3.141593 0
-0.4 -0.148822 0.133611 0 -3.141593 0
-0.4 -0.150151 0.132116 0 -3.141593 0
-0.4 -0.151465 0.130608 0 -3.141593 0
-0.4 -0.152763 0.129087 0 -3.141593 0
-0.4 -0.154046 0.127553 0 -3.141593 0
-0.4 -0.155314 0.126006 0 -3.141593 0
-0.4 -0.156566 0.124447 0 -3.141593 0
-0.4 -0.157803 0.122875 0 -3.141593 0
-0.4 -0.159024 0.121291 0 -3.141593 0
-0.4 -0.160229 0.119694 0 -3.141593 0
-0.4 -0.161418 0.118086 0 -3.141593 0
-0.4 -0.16259 0.116466 0 -3.141593 0
-0.4 -0.163747 0.114834 0 -3.141593 0
-0.4 -0.164887 0.113191 0 -3.141593 0
-0.4 -0.166011 0.111537 0 -3.141593 0
-0.4 -0.167118 0.109871 0 -3.141593 0
-0.4 -0.168208 0.108194 0 -3.141593 0
-0.4 -0.169282 0.106507 0 -3.141593 0
-0.4 -0.170338 0.104809 0 -3.141593 0
-0.4 -0.171378 0.1031 0 -3.141593 0
-0.4 -0.1724 0.101381 0 -3.141593 0
-0.4 -0.173405 0.099652 0 -3.141593 0
-0.4 -0.174393 0.097913 0 -3.141593 0
-0.4 -0.175364 0.096165 0 -3.141593 0
-0.4 -0.176316 0.094406 0 -3.141593 0
-0.4 -0.177252 0.092638 0 -3.141593 0
-0.4 -0.178169 0.090861 0 -3.141593 0
-0.4 -0.179069 0.089075 0 -3.141593 0
-0.4 -0.179951 0.08728 0 -3.141593 0
-0.4 -0.180814 0.085476 0 -3.141593 0
-0.4 -0.18166 0.083664 0 -3.141593 0
-0.4 -0.182488 0.081843 0 -3.141593 0
-0.4 -0.183297 0.080014 0 -3.141593 0
-0.4 -0.184088 0.078177 0 -3.141593 0
-0.4 -0.18486 0.076332 0 -3.141593 0
-0.4 -0.185615 0.07448 0 -3.141593 0
-0.4 -0.18635 0.07262 0 -3.141593 0
-0.4 -0.187067 0.070753 0 -3.141593 0
-0.4 -0.187765 0.068879 0 -3.141593 0
-0.4 -0.188444 0.066998 0 -3.141593 0
-0.4 -0.189105 0.06511 0 -3.141593 0
-0.4 -0.189747 0.063216 0 -3.141593 0
-0.4 -0.190369 0.061315 0 -3.141593 0
-0.4 -0.190973 0.059408 0 -3.141593 0
-0.4 -0.191557 0.057496 0 -3.141593 0
-0.4 -0.192123 0.055577 0 -3.141593 0
-0.4 -0.192669 0.053653 0 -3.141593 0
-0.4 -0.193196 0.051724 0 -3.141593 0
-0.4 -0.193703 0.049789 0 -3.141593 0
-0.4 -0.194192 0.04785 0 -3.141593 0
-0.4 -0.19466 0.045906 0 -3.141593 0
-0.4 -0.19511 0.043957 0 -3.141593 0
-0.4 -0.19554 0.042003 0 -3.141593 0
-0.4 -0.19595 0.040046 0 -3.141593 0
-0.4 -0.19634 0.038085 0 -3.141593 0
-0.4 -0.196711 0.036119 0 -3.141593 0
-0.4 -0.197063 0.03415 0 -3.141593 0
-0.4 -0.197394 0.032178 0 -3.141593 0
-0.4 -0.197706 0.030203 0 -3.141593 0
-0.4 -0.197998 0.028224 0 -3.141593 0
-0.4 -0.198271 0.026243 0 -3.141593 0
-0.4 -0.198523 0.024259 0 -3.141593 0
-0.4 -0.198756 0.022272 0 -3.141593 0
-0.4 -0.198969 0.020284 0 -3.141593 0
-0.4 -0.199162 0.018293 0 -3.141593 0
-0.4 -0.199335 0.0163 0 -3.141593 0
-0.4 -0.199488 0.014306 0 -3.141593 0
-0.4 -0.199621 0.012311 0 -3.141593 0
-0.4 -0.199734 0.010314 0 -3.141593 0
-0.4 -0.199827 0.008316 0 -3.141593 0
-0.4 -0.1999 0.006317 0 -3.141593 0
-0.4 -0.199953 0.004318 0 -3.141593 0
-0.4 -0.199987 0.002318 0 -3.141593 0
-0.4 -0.2 0.000319 0 -3.141593 0
-0.4 -0.199993 -0.001681 0 -3.141593 0
-0.4 -0.199966 -0.003681 0 -3.141593 0
-0.4 -0.199919 -0.005681 0 -3.141593 0
-0.4 -0.199853 -0.00768 0 -3.141593 0
-0.4 -0.199766 -0.009678 0 -3.141593 0
-0.4 -0.199659 -0.011675 0 -3.141593 0
-0.4 -0.199532 -0.013671 0 -3.141593 0
-0.4 -0.199386 -0.015665 0 -3.141593 0
-0.4 -0.199219 -0.017658 0 -3.141593 0
-0.4 -0.199032 -0.01965 0 -3.141593 0
-0.4 -0.198826 -0.021639 0 -3.141593 0
-0.4 -0.1986 -0.023626 0 -3.141593 0
-0.4 -0.198353 -0.025611 0 -3.141593 0
-0.4 -0.198087 -0.027593 0 -3.141593 0
-0.4 -0.197802 -0.029573 0 -3.141593 0
-0.4 -0.197496 -0.031549 0 -3.141593 0
-0.4 -0.197171 -0.033522 0 -3.141593 0
-0.4 -0.196826 -0.035492 0 -3.141593 0
-0.4 -0.196461 -0.037459 0 -3.141593 0
-0.4 -0.196076 -0.039422 0 -3.141593 0
-0.4 -0.195672 -0.04138 0 -3.141593 0
-0.4 -0.195249 -0.043335 0 -3.141593 0
-0.4 -0.194806 -0.045285 0 -3.141593 0
-0.4 -0.194343 -0.047231 0 -3.141593 0
-0.4 -0.193861 -0.049172 0 -3.141593 0
-0.4 -0.19336 -0.051108 0 -3.141593 0
-0.4 -0.192839 -0.053039 0 -3.141593 0
-0.4 -0.192299 -0.054965 0 -3.141593 0
-0.4 -0.19174 -0.056885 0 -3.141593 0
-0.4 -0.191161 -0.0588 0 -3.141593 0
-0.4 -0.190564 -0.060708 0 -3.141593 0
-0.4 -0.189947 -0.062611 0 -3.141593 0
-0.4 -0.189311 -0.064507 0 -3.141593 0
-0.4 -0.188657 -0.066397 0 -3.141593 0
-0.4 -0.187984 -0.06828 0 -3.141593 0
-0.4 -0.187291 -0.070157 0 -3.141593 0
-0.4 -0.18658 -0.072026 0 -3.141593 0
-0.4 -0.185851 -0.073888 0 -3.141593 0
-0.4 -0.185103 -0.075743 0 -3.141593 0
-0.4 -0.184336 -0.07759 0 -3.141593 0
-0.4 -0.183551 -0.07943 0 -3.141593 0
-0.4 -0.182747 -0.081261 0 -3.141593 0
-0.4 -0.181926 -0.083085 0 -3.141593 0
-0.4 -0.181086 -0.0849 0 -3.141593 0
-0.4 -0.180228 -0.086706 0 -3.141593 0
-0.4 -0.179352 -0.088504 0 -3.141593 0
-0.4 -0.178458 -0.090293 0 -3.141593 0
-0.4 -0.177546 -0.092073 0 -3.141593 0
-0.4 -0.176616 -0.093844 0 -3.141593 0
-0.4 -0.175669 -0.095605 0 -3.141593 0
-0.4 -0.174704 -0.097357 0 -3.141593 0
-0.4 -0.173722 -0.099099 0 -3.141593 0
-0.4 -0.172722 -0.100832 0 -3.141593 0
-0.4 -0.171705 -0.102554 0 -3.141593 0
-0.4 -0.170671 -0.104266 0 -3.141593 0
-0.4 -0.16962 -0.105967 0 -3.141593 0
-0.4 -0.168552 -0.107658 0 -3.141593 0
-0.4 -0.167467 -0.109338 0 -3.141593 0
-0.4 -0.166365 -0.111007 0 -3.141593 0
-0.4 -0.165247 -0.112665 0 -3.141593 0
-0.4 -0.164112 -0.114312 0 -3.141593 0
-0.4 -0.162961 -0.115948 0 -3.141593 0
-0.4 -0.161793 -0.117571 0 -3.141593 0
-0.4 -0.160609 -0.119183 0 -3.141593 0
-0.4 -0.159409 -0.120784 0 -3.141593 0
-0.4 -0.158194 -0.122372 0 -3.141593 0
-0.4 -0.156962 -0.123947 0 -3.141593 0
-0.4 -0.155715 -0.125511 0 -3.141593 0
-0.4 -0.154452 -0.127062 0 -3.141593 0
-0.4 -0.153173 -0.1286 0 -3.141593 0
-0.4 -0.15188 -0.130125 0 -3.141593 0
-0.4 -0.150571 -0.131637 0 -3.141593 0
-0.4 -0.149247 -0.133136 0 -3.141593 0
-0.4 -0.147908 -0.134622 0 -3.141593 0
-0.4 -0.146555 -0.136095 0 -3.141593 0
-0.4 -0.145186 -0.137553 0 -3.141593 0
-0.4 -0.143804 -0.138998 0 -3.141593 0
-0.4 -0.142407 -0.140429 0 -3.141593 0
-0.4 -0.140995 -0.141846 0 -3.141593 0
-0.4 -0.13957 -0.143249 0 -3.141593 0
-0.4 -0.13813 -0.144638 0 -3.141593 0
-0.4 -0.136677 -0.146012 0 -3.141593 0
-0.4 -0.13521 -0.147371 0 -3.141593 0
-0.4 -0.13373 -0.148716 0 -3.141593 0
-0.4 -0.132236 -0.150046 0 -3.141593 0
-0.4 -0.130729 -0.15136 0 -3.141593 0
-0.4 -0.129209 -0.15266 0 -3.141593 0
-0.4 -0.127676 -0.153945 0 -3.141593 0
-0.4 -0.12613 -0.155214 0 -3.141593 0
-0.4 -0.124571 -0.156467 0 -3.141593 0
-0.4 -0.123 -0.157705 0 -3.141593 0
-0.4 -0.121417 -0.158927 0 -3.141593 0
-0.4 -0.119822 -0.160133 0 -3.141593 0
-0.4 -0.118215 -0.161324 0 -3.141593 0
-0.4 -0.116596 -0.162498 0 -3.141593 0
-0.4 -0.114965 -0.163655 0 -3.141593 0
-0.4 -0.113323 -0.164797 0 -3.141593 0
-0.4 -0.111669 -0.165922 0 -3.141593 0
-0.4 -0.110004 -0.16703 0 -3.141593 0
-0.4 -0.108328 -0.168122 0 -3.141593 0
-0.4 -0.106642 -0.169197 0 -3.141593 0
-0.4 -0.104944 -0.170255 0 -3.141593 0
-0.4 -0.103237 -0.171296 0 -3.141593 0
-0.4 -0.101519 -0.172319 0 -3.141593 0
-0.4 -0.09979 -0.173326 0 -3.141593 0
-0.4 -0.098052 -0.174315 0 -3.141593 0
-0.4 -0.096304 -0.175287 0 -3.141593 0
-0.4 -0.094546 -0.176241 0 -3.141593 0
-0.4 -0.092779 -0.177178 0 -3.141593 0
-0.4 -0.091003 -0.178097 0 -3.141593 0
-0.4 -0.089217 -0.178998 0 -3.141593 0
-0.4 -0.087423 -0.179881 0 -3.141593 0
-0.4 -0.08562 -0.180746 0 -3.141593 0
-0.4 -0.083808 -0.181593 0 -3.141593 0
-0.4 -0.081988 -0.182422 0 -3.141593 0
-0.4 -0.08016 -0.183233 0 -3.141593 0
-0.4 -0.078324 -0.184026 0 -3.141593 0
-0.4 -0.076479 -0.1848 0 -3.141593 0
-0.4 -0.074628 -0.185555 0 -3.141593 0
-0.4 -0.072768 -0.186292 0 -3.141593 0
-0.4 -0.070902 -0.187011 0 -3.141593 0
-0.4 -0.069028 -0.18771 0 -3.141593 0
-0.4 -0.067148 -0.188391 0 -3.141593 0
-0.4 -0.06526 -0.189053 0 -3.141593 0
-0.4 -0.063367 -0.189696 0 -3.141593 0
-0.4 -0.061467 -0.19032 0 -3.141593 0
-0.4 -0.05956 -0.190926 0 -3.141593 0
-0.4 -0.057648 -0.191512 0 -3.141593 0
-0.4 -0.05573 -0.192078 0 -3.141593 0
-0.4 -0.053807 -0.192626 0 -3.141593 0
-0.4 -0.051878 -0.193155 0 -3.141593 0
-0.4 -0.049944 -0.193664 0 -3.141593 0
-0.4 -0.048004 -0.194153 0 -3.141593 0
-0.4 -0.046061 -0.194624 0 -3.141593 0
-0.4 -0.044112 -0.195075 0 -3.141593 0
-0.4 -0.042159 -0.195506 0 -3.141593 0
-0.4 -0.040202 -0.195918 0 -3.141593 0
-0.4 -0.038241 -0.19631 0 -3.141593 0
-0.4 -0.036276 -0.196683 0 -3.141593 0
-0.4 -0.034307 -0.197036 0 -3.141593 0
-0.4 -0.032335 -0.197369 0 -3.141593 0
-0.4 -0.03036 -0.197682 0 -3.141593 0
-0.4 -0.028382 -0.197976 0 -3.141593 0
-0.4 -0.026401 -0.19825 0 -3.141593 0
-0.4 -0.024417 -0.198504 0 -3.141593 0
-0.4 -0.022431 -0.198738 0 -3.141593 0
-0.4 -0.020442 -0.198953 0 -3.141593 0
-0.4 -0.018452 -0.199147 0 -3.141593 0
-0.4 -0.016459 -0.199322 0 -3.141593 0
-0.4 -0.014465 -0.199476 0 -3.141593 0
-0.4 -0.01247 -0.199611 0 -3.141593 0
-0.4 -0.010473 -0.199726 0 -3.141593 0
-0.4 -0.008475 -0.19982 0 -3.141593 0
-0.4 -0.006477 -0.199895 0 -3.141593 0
-0.4 -0.004477 -0.19995 0 -3.141593 0
-0.4 -0.002478 -0.199985 0 -3.141593 0
-0.4 -0.000478 -0.199999 0 -3.141593 0
-0.4 0.001522 -0.199994 0 -3.141593 0
-0.4 0.003522 -0.199969 0 -3.141593 0
-0.4 0.005522 -0.199924 0 -3.141593 0
-0.4 0.00752 -0.199859 0 -3.141593 0
-0.4 0.009519 -0.199773 0 -3.141593 0
-0.4 0.011516 -0.199668 0 -3.141593 0
-0.4 0.013512 -0.199543 0 -3.141593 0
-0.4 0.015507 -0.199398 0 -3.141593 0
-0.4 0.0175 -0.199233 0 -3.141593 0
-0.4 0.019491 -0.199048 0 -3.141593 0
-0.4 0.021481 -0.198843 0 -3.141593 0
-0.4 0.023468 -0.198618 0 -3.141593 0
-0.4 0.025453 -0.198374 0 -3.141593 0
-0.4 0.027435 -0.198109 0 -3.141593 0
-0.4 0.029415 -0.197825 0 -3.141593 0
-0.4 0.031392 -0.197521 0 -3.141593 0
-0.4 0.033365 -0.197197 0 -3.141593 0
-0.4 0.035336 -0.196854 0 -3.141593 0
-0.4 0.037302 -0.196491 0 -3.141593 0
-0.4 0.039265 -0.196108 0 -3.141593 0
-0.4 0.041225 -0.195705 0 -3.141593 0
-0.4 0.04318 -0.195283 0 -3.141593 0
-0.4 0.04513 -0.194842 0 -3.141593 0
-0.4 0.047076 -0.194381 0 -3.141593 0
-0.4 0.049018 -0.1939 0 -3.141593 0
-0.4 0.050954 -0.1934 0 -3.141593 0
-0.4 0.052886 -0.192881 0 -3.141593 0
-0.4 0.054812 -0.192343 0 -3.141593 0
-0.4 0.056732 -0.191785 0 -3.141593 0
-0.4 0.058647 -0.191208 0 -3.141593 0
-0.4 0.060557 -0.190612 0 -3.141593 0
-0.4 0.06246 -0.189997 0 -3.141593 0
-0.4 0.064356 -0.189363 0 -3.141593 0
-0.4 0.066247 -0.18871 0 -3.141593 0
-0.4 0.068131 -0.188038 0 -3.141593 0
-0.4 0.070007 -0.187347 0 -3.141593 0
-0.4 0.071877 -0.186638 0 -3.141593 0
-0.4 0.07374 -0.18591 0 -3.141593 0
-0.4 0.075596 -0.185163 0 -3.141593 0
-0.4 0.077443 -0.184398 0 -3.141593 0
-0.4 0.079283 -0.183614 0 -3.141593 0
-0.4 0.081116 -0.182812 0 -3.141593 0
-0.4 0.08294 -0.181992 0 -3.141593 0
-0.4 0.084755 -0.181153 0 -3.141593 0
-0.4 0.086563 -0.180297 0 -3.141593 0
-0.4 0.088361 -0.179422 0 -3.141593 0
-0.4 0.090151 -0.17853 0 -3.141593 0
-0.4 0.091932 -0.177619 0 -3.141593 0
-0.4 0.093703 -0.176691 0 -3.141593 0
-0.4 0.095466 -0.175745 0 -3.141593 0
-0.4 0.097218 -0.174782 0 -3.141593 0
-0.4 0.098961 -0.173801 0 -3.141593 0
-0.4 0.100694 -0.172802 0 -3.141593 0
-0.4 0.102417 -0.171787 0 -3.141593 0
-0.4 0.10413 -0.170754 0 -3.141593 0
-0.4 0.105832 -0.169704 0 -3.141593 0
-0.4 0.107524 -0.168638 0 -3.141593 0
-0.4 0.109205 -0.167554 0 -3.141593 0
-0.4 0.110875 -0.166453 0 -3.141593 0
-0.4 0.112534 -0.165336 0 -3.141593 0
-0.4 0.114182 -0.164203 0 -3.141593 0
-0.4 0.115818 -0.163053 0 -3.141593 0
-0.4 0.117443 -0.161887 0 -3.141593 0
-0.4 0.119056 -0.160704 0 -3.141593 0
-0.4 0.120657 -0.159505 0 -3.141593 0
-0.4 0.122246 -0.158291 0 -3.141593 0
-0.4 0.123822 -0.157061 0 -3.141593 0
-0.4 0.125387 -0.155815 0 -3.141593 0
-0.4 0.126939 -0.154553 0 -3.141593 0
-0.4 0.128478 -0.153276 0 -3.141593 0
-0.4 0.130004 -0.151983 0 -3.141593 0
-0.4 0.131517 -0.150676 0 -3.141593 0
-0.4 0.133018 -0.149353 0 -3.141593 0
-0.4 0.134504 -0.148015 0 -3.141593 0
-0.4 0.135978 -0.146663 0 -3.141593 0
-0.4 0.137438 -0.145296 0 -3.141593 0
-0.4 0.138884 -0.143914 0 -3.141593 0
-0.4 0.140316 -0.142518 0 -3.141593 0
-0.4 0.141734 -0.141108 0 -3.141593 0
-0.4 0.143138 -0.139684 0 -3.141593 0
-0.4 0.144528 -0.138245 0 -3.141593 0
-0.4 0.145903 -0.136793 0 -3.141593 0
-0.4 0.147263 -0.135327 0 -3.141593 0
-0.4 0.148609 -0.133848 0 -3.141593 0
-0.4 0.14994 -0.132355 0 -3.141593 0
-0.4 0.151256 -0.130849 0 -3.141593 0
-0.4 0.152557 -0.12933 0 -3.141593 0
-0.4 0.153843 -0.127798 0 -3.141593 0
-0.4 0.155113 -0.126253 0 -3.141593 0
-0.4 0.156368 -0.124696 0 -3.141593 0
-0.4 0.157607 -0.123126 0 -3.141593 0
-0.4 0.15883 -0.121544 0 -3.141593 0
-0.4 0.160038 -0.119949 0 -3.141593 0
-0.4 0.161229 -0.118343 0 -3.141593 0
-0.4 0.162405 -0.116725 0 -3.141593 0
-0.4 0.163564 -0.115095 0 -3.141593 0
-0.4 0.164707 -0.113454 0 -3.141593 0
-0.4 0.165833 -0.111801 0 -3.141593 0
-0.4 0.166943 -0.110137 0 -3.141593 0
-0.4 0.168036 -0.108462 0 -3.141593 0
-0.4 0.169112 -0.106776 0 -3.141593 0
-0.4 0.170171 -0.10508 0 -3.141593 0
-0.4 0.171213 -0.103373 0 -3.141593 0
-0.4 0.172238 -0.101656 0 -3.141593 0
-0.4 0.173246 -0.099928 0 -3.141593 0
-0.4 0.174237 -0.098191 0 -3.141593 0
-0.4 0.17521 -0.096444 0 -3.141593 0
-0.4 0.176166 -0.094687 0 -3.141593 0
-0.4 0.177104 -0.09292 0 -3.141593 0
-0.4 0.178024 -0.091145 0 -3.141593 0
-0.4 0.178927 -0.08936 0 -3.141593 0
-0.4 0.179811 -0.087566 0 -3.141593 0
-0.4 0.180678 -0.085764 0 -3.141593 0
-0.4 0.181527 -0.083953 0 -3.141593 0
-0.4 0.182357 -0.082133 0 -3.141593 0
-0.4 0.183169 -0.080306 0 -3.141593 0
-0.4 0.183963 -0.07847 0 -3.141593 0
-0.4 0.184739 -0.076627 0 -3.141593 0
-0.4 0.185496 -0.074775 0 -3.141593 0
-0.4 0.186234 -0.072917 0 -3.141593 0
-0.4 0.186954 -0.071051 0 -3.141593 0
-0.4 0.187655 -0.069178 0 -3.141593 0
-0.4 0.188338 -0.067298 0 -3.141593 0
-0.4 0.189001 -0.065411 0 -3.141593 0
-0.4 0.189646 -0.063518 0 -3.141593 0
-0.4 0.190271 -0.061618 0 -3.141593 0
-0.4 0.190878 -0.059712 0 -3.141593 0
-0.4 0.191466 -0.057801 0 -3.141593 0
-0.4 0.192034 -0.055883 0 -3.141593 0
-0.4 0.192583 -0.05396 0 -3.141593 0
-0.4 0.193113 -0.052031 0 -3.141593 0
-0.4 0.193624 -0.050098 0 -3.141593 0
-0.4 0.194115 -0.048159 0 -3.141593 0
-0.4 0.194587 -0.046216 0 -3.141593 0
-0.4 0.195039 -0.044267 0 -3.141593 0
-0.4 0.195472 -0.042315 0 -3.141593 0
-0.4 0.195886 -0.040358 0 -3.141593 0
-0.4 0.19628 -0.038397 0 -3.141593 0
-0.4 0.196654 -0.036433 0 -3.141593 0
-0.4 0.197008 -0.034464 0 -3.141593 0
-0.4 0.197343 -0.032492 0 -3.141593 0
-0.4 0.197658 -0.030517 0 -3.141593 0
-0.4 0.197953 -0.028539 0 -3.141593 0
-0.4 0.198229 -0.026558 0 -3.141593 0
-0.4 0.198484 -0.024575 0 -3.141593 0
-0.4 0.19872 -0.022589 0 -3.141593 0
-0.4 0.198936 -0.0206 0 -3.141593 0
-0.4 0.199132 -0.01861 0 -3.141593 0
-0.4 0.199308 -0.016618 0 -3.141593 0
-0.4 0.199465 -0.014624 0 -3.141593 0
-0.4 0.199601 -0.012629 0 -3.141593 0
-0.4 0.199717 -0.010632 0 -3.141593 0
-0.4 0.199814 -0.008634 0 -3.141593 0
-0.4 0.19989 -0.006636 0 -3.141593 0
-0.4 0.199946 -0.004637 0 -3.141593 0
-0.4 0.199983 -0.002637 0 -3.141593 0
-0.4 0.199999 -0.000637 0 -3.141593 0
-0.4 0.199995 0.001363 0 -3.141593 0
-0.4 0.199972 0.003363 0 -3.141593 0
-0.4 0.199928 0.005362 0 -3.141593 0
-0.4 0.199864 0.007361 0 -3.141593 0
-0.4 0.199781 0.00936 0 -3.141593 0
-0.4 0.199677 0.011357 0 -3.141593 0
-0.4 0.199554 0.013353 0 -3.141593 0
-0.4 0.19941 0.015348 0 -3.141593 0
-0.4 0.199247 0.017341 0 -3.141593 0
-0.4 0.199063 0.019333 0 -3.141593 0
-0.4 0.19886 0.021322 0 -3.141593 0
-0.4 0.198637 0.02331 0 -3.141593 0
-0.4 0.198394 0.025295 0 -3.141593 0
-0.4 0.198131 0.027278 0 -3.141593 0
-0.4 0.197848 0.029258 0 -3.141593 0
-0.4 0.197546 0.031235 0 -3.141593 0
-0.4 0.197224 0.033208 0 -3.141593 0
-0.4 0.196882 0.035179 0 -3.141593 0
-0.4 0.19652 0.037146 0 -3.141593 0
-0.4 0.196139 0.039109 0 -3.141593 0
-0.4 0.195738 0.041069 0 -3.141593 0
-0.4 0.195318 0.043024 0 -3.141593 0
-0.4 0.194878 0.044975 0 -3.141593 0
-0.4 0.194418 0.046921 0 -3.141593 0
-0.4 0.193939 0.048863 0 -3.141593 0
-0.4 0.193441 0.0508 0 -3.141593 0
-0.4 0.192923 0.052732 0 -3.141593 0
-0.4 0.192386 0.054659 0 -3.141593 0
-0.4 0.19183 0.05658 0 -3.141593 0
-0.4 0.191255 0.058495 0 -3.141593 0
-0.4 0.19066 0.060405 0 -3.141593 0
-0.4 0.190047 0.062308 0 -3.141593 0
-0.4 0.189414 0.064206 0 -3.141593 0
-0.4 0.188762 0.066096 0 -3.141593 0
-0.4 0.188092 0.067981 0 -3.141593 0
-0.4 0.187403 0.069858 0 -3.141593 0
-0.4 0.186695 0.071729 0 -3.141593 0
-0.4 0.185968 0.073592 0 -3.141593 0
-0.4 0.185223 0.075448 0 -3.141593 0
-0.4 0.184459 0.077297 0 -3.141593 0
-0.4 0.183677 0.079137 0 -3.141593 0
-0.4 0.182877 0.08097 0 -3.141593 0
-0.4 0.182058 0.082795 0 -3.141593 0
-0.4 0.181221 0.084611 0 -3.141593 0
-0.4 0.180366 0.086419 0 -3.141593 0
-0.4 0.179492 0.088218 0 -3.141593 0
-0.4 0.178601 0.090009 0 -3.141593 0
-0.4 0.177692 0.09179 0 -3.141593 0
-0.4 0.176765 0.093563 0 -3.141593 0
-0.4 0.175821 0.095326 0 -3.141593 0
-0.4 0.174859 0.097079 0 -3.141593 0
-0.4 0.173879 0.098823 0 -3.141593 0
-0.4 0.172883 0.100556 0 -3.141593 0
-0.4 0.171868 0.10228 0 -3.141593 0
-0.4 0.170837 0.103994 0 -3.141593 0
-0.4 0.169789 0.105697 0 -3.141593 0
-0.4 0.168723 0.10739 0 -3.141593 0
-0.4 0.167641 0.109071 0 -3.141593 0
-0.4 0.166542 0.110742 0 -3.141593 0
-0.4 0.165426 0.112402 0 -3.141593 0
-0.4 0.164294 0.114051 0 -3.141593 0
-0.4 0.163145 0.115688 0 -3.141593 0
-0.4 0.16198 0.117314 0 -3.141593 0
-0.4 0.160799 0.118927 0 -3.141593 0
-0.4 0.159601 0.12053 0 -3.141593 0
-0.4 0.158388 0.122119 0 -3.141593 0
-0.4 0.157159 0.123697 0 -3.141593 0
-0.4 0.155914 0.125263 0 -3.141593 0
-0.4 0.154654 0.126815 0 -3.141593 0
-0.4 0.153378 0.128356 0 -3.141593 0
-0.4 0.152087 0.129883 0 -3.141593 0
-0.4 0.15078 0.131397 0 -3.141593 0
-0.4 0.19999 0.002 0 -3.141593 0
-0.4 0.19996 0.004 0 -3.141593 0
-0.4 0.19991 0.005999 0 -3.141593 0
-0.4 0.19984 0.007998 0 -3.141593 0
-0.4 0.19975 0.009996 0 -3.141593 0
-0.4 0.19964 0.011993 0 -3.141593 0
-0.4 0.19951 0.013989 0 -3.141593 0
-0.4 0.19936 0.015983 0 -3.141593 0
-0.4 0.199191 0.017976 0 -3.141593 0
-0.4 0.199001 0.019967 0 -3.141593 0
-0.4 0.198791 0.021956 0 -3.141593 0
-0.4 0.198562 0.023942 0 -3.141593 0
-0.4 0.198312 0.025927 0 -3.141593 0
-0.4 0.198043 0.027909 0 -3.141593 0
-0.4 0.197754 0.029888 0 -3.141593 0
-0.4 0.197445 0.031864 0 -3.141593 0
-0.4 0.197117 0.033836 0 -3.141593 0
-0.4 0.196769 0.035806 0 -3.141593 0
-0.4 0.196401 0.037772 0 -3.141593 0
-0.4 0.196013 0.039734 0 -3.141593 0
-0.4 0.195606 0.041692 0 -3.141593 0
-0.4 0.195179 0.043646 0 -3.141593 0
-0.4 0.194733 0.045596 0 -3.141593 0
-0.4 0.194268 0.047541 0 -3.141593 0
-0.4 0.193782 0.049481 0 -3.141593 0
-0.4 0.193278 0.051416 0 -3.141593 0
-0.4 0.192754 0.053346 0 -3.141593 0
-0.4 0.192211 0.055271 0 -3.141593 0
-0.4 0.191649 0.05719 0 -3.141593 0
-0.4 0.191067 0.059104 0 -3.141593 0
-0.4 0.190467 0.061012 0 -3.141593 0
-0.4 0.189847 0.062913 0 -3.141593 0
-0.4 0.189208 0.064809 0 -3.141593 0
-0.4 0.188551 0.066697 0 -3.141593 0
-0.4 0.187875 0.06858 0 -3.141593 0
-0.4 0.187179 0.070455 0 -3.141593 0
-0.4 0.186465 0.072323 0 -3.141593 0
-0.4 0.185733 0.074184 0 -3.141593 0
-0.4 0.184982 0.076038 0 -3.141593 0
-0.4 0.184212 0.077884 0 -3.141593 0
-0.4 0.183424 0.079722 0 -3.141593 0
-0.4 0.182618 0.081552 0 -3.141593 0
-0.4 0.181793 0.083374 0 -3.141593 0
-0.4 0.18095 0.085188 0 -3.141593 0
-0.4 0.180089 0.086993 0 -3.141593 0
-0.4 0.17921 0.08879 0 -3.141593 0
-0.4 0.178314 0.090577 0 -3.141593 0
-0.4 0.177399 0.092356 0 -3.141593 0
-0.4 0.176467 0.094125 0 -3.141593 0
-0.4 0.175517 0.095885 0 -3.141593 0
-0.4 0.174549 0.097635 0 -3.141593 0
-0.4 0.173564 0.099376 0 -3.141593 0
-0.4 0.172561 0.101107 0 -3.141593 0
-0.4 0.171542 0.102827 0 -3.141593 0
-0.4 0.170505 0.104537 0 -3.141593 0
-0.4 0.169451 0.106237 0 -3.141593 0
-0.4 0.16838 0.107926 0 -3.141593 0
-0.4 0.167293 0.109605 0 -3.141593 0
-0.4 0.166188 0.111272 0 -3.141593 0
-0.4 0.165067 0.112928 0 -3.141593 0
-0.4 0.16393 0.114573 0 -3.141593 0
-0.4 0.162776 0.116207 0 -3.141593 0
-0.4 0.161606 0.117829 0 -3.141593 0
-0.4 0.160419 0.119439 0 -3.141593 0
-0.4 0.159217 0.121037 0 -3.141593 0
-0.4 0.157998 0.122623 0 -3.141593 0
-0.4 0.156764 0.124197 0 -3.141593 0
-0.4 0.155515 0.125759 0 -3.141593 0
-0.4 0.154249 0.127307 0 -3.141593 0
-0.4 0.152968 0.128844 0 -3.141593 0
-0.4 0.151672 0.130367 0 -3.141593 0
-0.4 0.150361 0.131877 0 -3.141593 0
-0.4 0.149035 0.133374 0 -3.141593 0
-0.4 0.147694 0.134858 0 -3.141593 0
-0.4 0.146338 0.136328 0 -3.141593 0
-0.4 0.144967 0.137784 0 -3.141593 0
-0.4 0.143582 0.139227 0 -3.141593 0
-0.4 0.142183 0.140656 0 -3.141593 0
-0.4 0.140769 0.142071 0 -3.141593 0
-0.4 0.139341 0.143471 0 -3.141593 0
-0.4 0.1379 0.144857 0 -3.141593 0
-0.4 0.136444 0.146229 0 -3.141593 0
-0.4 0.134975 0.147586 0 -3.141593 0
-0.4 0.133493 0.148929 0 -3.141593 0
-0.4 0.131997 0.150256 0 -3.141593 0
-0.4 0.130487 0.151569 0 -3.141593 0
-0.4 0.128965 0.152866 0 -3.141593 0
-0.4 0.12743 0.154148 0 -3.141593 0
-0.4 0.125882 0.155414 0 -3.141593 0
-0.4 0.124322 0.156665 0 -3.141593 0
-0.4 0.122749 0.157901 0 -3.141593 0
-0.4 0.121164 0.15912 0 -3.141593 0
-0.4 0.119567 0.160324 0 -3.141593 0
-0.4 0.117958 0.161512 0 -3.141593 0
-0.4 0.116337 0.162683 0 -3.141593 0
-0.4 0.114704 0.163838 0 -3.141593 0
-0.4 0.11306 0.164977 0 -3.141593 0
-0.4 0.111405 0.166099 0 -3.141593 0
-0.4 0.109738 0.167205 0 -3.141593 0
-0.4 0.10806 0.168294 0 -3.141593 0
-0.4 0.106372 0.169366 0 -3.141593 0
-0.4 0.104673 0.170422 0 -3.141593 0
-0.4 0.102964 0.17146 0 -3.141593 0
-0.4 0.101244 0.172481 0 -3.141593 0
-0.4 0.099514 0.173485 0 -3.141593 0
-0.4 0.097774 0.174471 0 -3.141593 0
-0.4 0.096025 0.17544 0 -3.141593 0
-0.4 0.094266 0.176392 0 -3.141593 0
-0.4 0.092497 0.177325 0 -3.141593 0
-0.4 0.090719 0.178241 0 -3.141593 0
-0.4 0.088932 0.17914 0 -3.141593 0
-0.4 0.087136 0.18002 0 -3.141593 0
-0.4 0.085332 0.180882 0 -3.141593 0
-0.4 0.083519 0.181727 0 -3.141593 0
-0.4 0.081697 0.182553 0 -3.141593 0
-0.4 0.079868 0.183361 0 -3.141593 0
-0.400001 0.07803 0.18415 0 -3.141593 0
-0.400001 0.076185 0.184921 0 -3.141593 0
-0.400001 0.074332 0.185674 0 -3.141593 0
