0.0 0.0 0.0 1.5707963267948966 0.0 -1.0367255756846319
-0.011146555781474303 -0.003941076528942082 0.0005780600310695422 1.5718649793995634 0.0006054849054887517 -1.0169343932696195
-0.021972440746664663 -0.012110554446718196 0.0003696029469425654 1.5729632154347055 0.0011433178596669223 -0.997800179863991
-0.03248684501038773 -0.024518266568428138 0.00013231976226500488 1.5740847863866794 0.0016147989119420928 -0.9793074178442998
-0.04270159557147468 -0.04116076941209512 -7.04720399401231e-05 1.5752250292742156 0.0020115751934079947 -0.9614392405272927
-0.052628038726037565 -0.06203332583724987 -0.0002319612878345672 1.5763796886788357 0.0023260975835472006 -0.9441790424675004
-0.06227679438494575 -0.0871307682089753 -0.00034975447685591063 1.577544852950556 0.002552436064924508 -0.9275106363539746
-0.07165774538762856 -0.1164474618332148 -0.0004231290247311807 1.5787169389767852 0.0026862976657741006 -0.9114182463896914
-0.08078003458019782 -0.14683495330664495 -0.00045613455313617577 1.5798926531658157 0.002724987586467742 -0.8958864530891202
-0.08964961811011073 -0.17619543854505826 -0.00045584849252703236 1.5810719552704342 0.002674923931279857 -0.8808986224138726
-0.09827054210446927 -0.20455870394055886 -0.000426634271214022 1.5822567597020711 0.0025471736753028412 -0.8664374506986426
-0.1066469978875779 -0.23195373863 -0.0003710300089930675 1.583448742316212 0.0023517005615711598 -0.8524862309294101
-0.11478330131250197 -0.25840880293485813 -0.0002911954710431176 1.584649335681561 0.002097448208595193 -0.8390287946262315
-0.12268371105287469 -0.2839512255262645 -0.00018873866887161514 1.5858599344208135 0.001792456315794989 -0.8260495294148938
-0.1303526135303294 -0.308607688239404 -6.792436098630462e-05 1.5870816672442594 0.0014439252353626805 -0.813533302910021
-0.13779436543424364 -0.33240415422266134 7.18690605757075e-05 1.5883155553036468 0.0010583475672832365 -0.8014654706540126
-0.14501331826620117 -0.3553658219064106 0.00022822175351153078 1.5895625073631499 0.0006415196181087864 -0.7898318573810624
-0.15201385928489705 -0.3775172457623819 0.0003988203675041354 1.5908232635514405 0.00019864305848162593 -0.7786187375349767
-0.15880029301105966 -0.39888214577355025 0.0005818476073961187 1.59209855520927 -0.00026559779297174373 -0.7678128834724232
-0.16537689004500516 -0.41948369122042223 0.0007756091051829026 1.5933889660640153 -0.0007470076830914461 -0.7574014273072682
-0.1717478769433989 -0.4393443869395602 0.0009785257050367955 1.594694998368612 -0.0012418233747591672 -0.7473719197383643
-0.17791748110350827 -0.4584860977003706 0.0011888411976640797 1.5960170481556628 -0.0017466742737855877 -0.7377123371062163
-0.18388982102504992 -0.47693005586100623 0.0014055295584959233 1.597355474107135 -0.0022585342362454967 -0.7284110266648777
-0.18966900553129667 -0.49469688483339513 0.001627052847052465 1.5987105411311882 -0.002774701767250017 -0.7194567332378863
-0.19525907791507693 -0.5118066797945622 0.0018522747402785885 1.6000824293137592 -0.0032927619897254504 -0.7108385305311569
-0.2006639066177325 -0.5282789397588866 0.0020805466004973254 1.6014713303458465 -0.0038105502294402925 -0.7025458034936751
-0.2058874490503028 -0.544132620704558 0.0023105709548170493 1.602877292670253 -0.004326152752455844 -0.6945683424823033
-0.21093348166837173 -0.5593861182891243 0.00254188719177055 1.6043003838212022 -0.0048378540236617374 -0.6868962276024425
-0.2158057573638148 -0.5740572954559907 0.002773334765215105 1.605740600913619 -0.005344138999057116 -0.6795198767667011
-0.2205079547024314 -0.5881635699538972 0.0030046233968205453 1.6071978761646353 -0.005843664357947899 -0.6724299827709892
-0.22504361649585392 -0.6017217694364666 0.0032346982786703436 1.6086721692206412 -0.006335239893628487 -0.6656175500367241
-0.22941631984543 -0.6147483267636977 0.0034634228066964395 1.6101633158851514 -0.006817825603744418 -0.6590738819791382
-0.23362944951731007 -0.6272592287235068 0.0036898212956419617 1.6116711684908023 -0.007290507581533011 -0.6527904732712032
-0.23768636977047605 -0.6392698908665405 0.003913892494400329 1.6131955676873841 -0.007752481786316356 -0.6467591972454914
-0.24159042014126691 -0.6507954747839078 0.004135204225459437 1.6147362286494489 -0.008203069488018657 -0.6409720873163108
-0.2453448023783265 -0.6618504924742954 0.004352910085861984 1.616292953941085 -0.00864167261014871 -0.6354215265487851
-0.2489525888667841 -0.6724492253949634 0.004567138717857291 1.617865483353556 -0.00906777663717725 -0.6301000067531448
-0.2524168849279048 -0.6826054885871609 0.004777575173610684 1.6194535034055484 -0.009480959439543796 -0.6250003381789209
-0.25574071500613405 -0.6923326868392449 0.004983460729890386 1.6210566895482845 -0.009880869420878145 -0.6201155567372948
-0.2589269748324679 -0.7016438361936292 0.00518504768985719 1.6226747323618955 -0.010267207273679904 -0.6154389060985991
-0.26197848471303437 -0.7105516286502086 0.0053821062212572515 1.6243072908563263 -0.010639739858523341 -0.6109638003746901
-0.26489804353561774 -0.7190683877529122 0.005573919507959614 1.625953986424823 -0.01099829225576921 -0.6066838793189576
-0.26768838003735423 -0.7272060913630011 0.005760860238411622 1.6276144288923817 -0.011342730682082294 -0.6025929916948881
-0.2703520941937385 -0.7349763484470623 0.0059427674609279545 1.6292882556591395 -0.01167296391578437 -0.5986851567850922
-0.27289177148678 -0.7423904382835447 0.006119500185731559 1.630975067426123 -0.01198894547752183 -0.5949546034275122
-0.27530992706999 -0.7494593729901345 0.006290935183664748 1.632674440119827 -0.012290665592654236 -0.5913957002961718
-0.2776090045928361 -0.7561937708375845 0.006456458673573793 1.6343859707978379 -0.012578143349359222 -0.5880030321431247
-0.27979143927989963 -0.7626040915435613 0.0066165296863199856 1.636109178066679 -0.012851430709685472 -0.5847712962868042
-0.2818594870797279 -0.7687003324727385 0.0067710702047507326 1.6378436855160718 -0.013110593635442968 -0.5816953989407018
-0.2838154521616436 -0.7744923452616109 0.006920020155406245 1.6395890145142185 -0.013355737812181174 -0.5787703592816266
-0.2856615182463405 -0.7799896186685739 0.007063325898250633 1.6413447388284537 -0.013586980317445315 -0.5759913761730966
-0.2873998039157257 -0.7852014178502893 0.007200411106691173 1.6431104165314903 -0.013804458015215506 -0.5733537508980459
-0.28903242760047376 -0.7901367004055987 0.007331817756120907 1.6448855919064849 -0.014008322606263007 -0.5708530033525988
-0.29056139016145066 -0.7948042051381864 0.007457526989196735 1.646669825687521 -0.01419874139017937 -0.5684847258325
-0.2919887473042974 -0.7992124983609272 0.007577532398370597 1.6484626046681017 -0.014375909202620624 -0.5662446409500036
-0.2933163830340923 -0.8033698107476247 0.0076918244075172325 1.6502634992751497 -0.014540016497094382 -0.5641286108088154
-0.29454618316742587 -0.807284141968263 0.0078004078039058174 1.652072054237194 -0.014691270119334429 -0.5621326450457201
-0.29567997508224253 -0.8109633107024555 0.007902725845765693 1.6538878044874177 -0.014829886729356156 -0.5602528272271313
-0.296719593533359 -0.814414872306348 0.007999397940647614 1.6557102736829008 -0.014956089109716086 -0.558485435028152
-0.29766670477737744 -0.8176462560637566 0.008090445157452088 1.6575390179314171 -0.01507010204521043 -0.5568267286808913
-0.29852303999954866 -0.8206646311354924 0.008175899151733754 1.6593735595143437 -0.015172167626203036 -0.5552731654620283
-0.29929027940663555 -0.8234769563453074 0.008255794252977358 1.6612134282594282 -0.015262532035678043 -0.5538213114897574
-0.2999699964803132 -0.8260899760558759 0.008330164054201849 1.6630581895015681 -0.015341438086166928 -0.5524678207224369
-0.3005637744874488 -0.8285103101456053 0.008399051936630325 1.6649073708382622 -0.015409139272238258 -0.5512094209432433
-0.30107309233804996 -0.8307443740355489 0.008462498835907885 1.6667605361082631 -0.015465884274391587 -0.5500429223546417
-0.30149949597779685 -0.8327984058725444 0.008519965625175369 1.6686172043449996 -0.015511936580072092 -0.5489652622665468
-0.3018443739731956 -0.8346784605130492 0.008572118058274349 1.670476952438798 -0.015547540528555394 -0.5479734465956254
-0.30210918776896445 -0.836390426261954 0.008619027111635804 1.6723393129656416 -0.015572960970885065 -0.5470646017694578
-0.302295355057781 -0.8379400188714452 0.008660753398004942 1.674203827830111 -0.015588462491605207 -0.5462359411567193
-0.30240413453104925 -0.8393328916190592 0.008697346981936624 1.6760700726185735 -0.015594297443559026 -0.5454846331589653
-0.3024368636790025 -0.8405743652753292 0.008728876506597188 1.6779376207175294 -0.015590727921433678 -0.5448081093410663
-0.3023948379095841 -0.8416697927733175 0.008755407535612566 1.6798060112526247 -0.015578017045499354 -0.5442037339042509
-0.30227931403816494 -0.8426243081042587 0.008777008234055932 1.6816748076482626 -0.015556425184415959 -0.5436689983061612
-0.3020915107954267 -0.8434428954384955 0.008793748364323223 1.6835435825127223 -0.015526210582137082 -0.5432014692681858
-0.30183260990529803 -0.844130393633989 0.008805699131291568 1.6854119173485609 -0.015487629139159438 -0.5427987865008312
-0.3015037564970388 -0.8446915629595902 0.008812932137522654 1.687279389349228 -0.015440934779442098 -0.5424586110894524
-0.30110606075932694 -0.8451310250379068 0.00881552013700225 1.6891455851163273 -0.015386378548395033 -0.54217867364803
-0.30064065474106655 -0.8454532041416164 0.00881293557711206 1.6910100908869952 -0.015324214355535657 -0.5419568323511995
-0.30010863850738867 -0.8456624791434448 0.008805881542380633 1.6928724833565922 -0.015254686852306016 -0.5417909688782172
-0.2995110203669652 -0.8457630816657201 0.008794443133410589 1.694732376777316 -0.015178037465421693 -0.5416790077252445
-0.2988488354734075 -0.8457591923485595 0.008778699899862602 1.6965893574424546 -0.015094510920692675 -0.5416188992269467
-0.2981231466672062 -0.8456548179579134 0.00875873689506578 1.698443009202226 -0.015004353957640545 -0.541608718655533
-0.2973348672446548 -0.8454538299689222 0.008734626011155544 1.7002929737663095 -0.014907796816523116 -0.5416465688511568
-0.29648499907741876 -0.8451600692755664 0.008706453667478787 1.7021388414944494 -0.014805078552579889 -0.5417305863776365
-0.29557451433625215 -0.8447772035024854 0.008674304211000268 1.7039802240188584 -0.014696433689091237 -0.5418590128247086
-0.2946042952855383 -0.8443089090644372 0.00863825411113272 1.70581674396689 -0.014582086552314381 -0.5420300245540501
-0.29357519855765035 -0.8437586324111033 0.008598383680016761 1.7076480539216554 -0.014462257018288929 -0.542241953781295
-0.2924881710459711 -0.843129863389083 0.008554782823353542 1.709473747785296 -0.014337172843615869 -0.5424931052747997
-0.2913440726750268 -0.8424259199837745 0.00850753319697207 1.71129346307677 -0.014207050930537308 -0.5427818704016825
-0.2901437363745113 -0.8416500868209471 0.008456716720199441 1.7131068360692072 -0.014072103524043573 -0.5431066348976987
-0.288888029685531 -0.8408055013967751 0.00840242189823739 1.714913499712557 -0.013932544160213578 -0.54346589583007
-0.28757773462244013 -0.8398952023152148 0.008344729439678135 1.7167131176861419 -0.013788575761742566 -0.5438581804514876
-0.2862136671055209 -0.8389222738708415 0.008283724750710653 1.7185053214532544 -0.01364040199020319 -0.5442819658481712
-0.28479661997136335 -0.8378895884246685 0.00821949332013384 1.7202897704074336 -0.013488221967619772 -0.5447358773020676
-0.283327361282324 -0.836799998199474 0.008152118847900658 1.7220661231984316 -0.013332229710508023 -0.5452185263714195
-0.28180663501787356 -0.8356563358144706 0.008081683221046406 1.7238340384240756 -0.013172613943759178 -0.5457285106996456
-0.2802351605161347 -0.8344612810425375 0.008007655147071628 1.725593194815387 -0.013009558776589991 -0.5462645158511424
-0.2786136973747308 -0.8332174669042675 0.007930741437162386 1.7273432527679469 -0.01284324272204499 -0.546825285349456
-0.27694298226280833 -0.8319275031215552 0.007851042522050595 1.7290838763617171 -0.012673845084540097 -0.5474095396458702
-0.27522367082125054 -0.8305938552231565 0.007768635052439467 1.730814765952797 -0.012501535266433146 -0.5480160769165907
-0.2734564579246644 -0.8292189890186044 0.007683601771242967 1.7325356016392384 -0.012326482697521743 -0.5486436865333448
-0.2716420776296139 -0.8278053085924216 0.007596028364232701 1.7342460529334405 -0.012148857006293657 -0.5492912021379724
-0.26978118312199684 -0.8263550805178963 0.007505991820342637 1.735945824335074 -0.01196881789153859 -0.5499575325940208
-0.2678744663682168 -0.8248706385315194 0.007413574056937388 1.7376345947500895 -0.01178652390924778 -0.5506415189828235
-0.2659225396008166 -0.8233541812462714 0.007318848408774321 1.7393120770711419 -0.011602123827636906 -0.5513420778195434
-0.26392605702111266 -0.8218078534361497 0.0072218955204203334 1.7409779731026982 -0.011415766611948902 -0.5520581657948359
-0.2618856525777123 -0.8202338010481758 0.007122791053970862 1.7426319858302173 -0.011227595242603219 -0.5527887131677867
-0.25980200278423543 -0.818634055904583 0.007021616629666003 1.744273815393185 -0.011037753397550311 -0.5535327437834413
-0.2576757040412372 -0.8170105855399805 0.006918443701319689 1.745903186963708 -0.010846374522826724 -0.5542892980069788
-0.25550733325877334 -0.8153654253616174 0.00681334192085831 1.7475198201955298 -0.010653585114246597 -0.5550573320069949
-0.2532975128118406 -0.8137004385456483 0.006706388252335041 1.7491234375835387 -0.01045951343824841 -0.5558359499406085
-0.2510468470225532 -0.8120174364347164 0.00659765553151358 1.75071376869735 -0.010264282715807859 -0.556624279985589
-0.2487559206613218 -0.8103183025176717 0.006487212070740805 1.7522905387910075 -0.010068008913362897 -0.5574213625200933
-0.24642536312808336 -0.8086048133406082 0.006375131812071094 1.7538534707936835 -0.00987080863747996 -0.5582263276941185
-0.24405572608175213 -0.8068786282063707 0.006261479624291826 1.7554023157079006 -0.00967278978297956 -0.5590383758096682
-0.24164754320861073 -0.8051414831207442 0.006146318145476424 1.756936819938758 -0.009474052959811198 -0.5598566168913133
-0.23920145535507464 -0.8033950177024479 0.006029721645396796 1.7584567125724961 -0.009274704206223365 -0.5606802568989496
-0.2367179624189275 -0.8016408744809886 0.005911743843452758 1.759961754054513 -0.009074833917317142 -0.5615084501817038
-0.23419767269951983 -0.7998806020842029 0.005792454716603439 1.7614516876876456 -0.008874537928484954 -0.5623404454990664
-0.23164111636548335 -0.7981157002260245 0.005671911223357353 1.7629262775145031 -0.008673902562797322 -0.5631755034368666
-0.2290488683755535 -0.7963476943946658 0.005550175053420481 1.7643852757868996 -0.008473012264213188 -0.5640128549903465
-0.22642142642829532 -0.7945780621418764 0.005427297254544953 1.765828454612068 -0.00827194205295082 -0.5648517438896647
-0.2237593362706258 -0.7928081852645993 0.0053033365587864525 1.7672555832564691 -0.008070767987394483 -0.5656914976645813
-0.22106318826020713 -0.7910394739976253 0.005178351332978294 1.7686664208307927 -0.007869564035510883 -0.5665314112432069
-0.21833343402423863 -0.7892732889126431 0.005052383113739848 1.7700607572390554 -0.0076683906986683365 -0.5673707843727478
-0.21557063477017346 -0.7875109640776553 0.004925487985112267 1.7714383638958553 -0.007467312234884412 -0.568208948432381
-0.2127753360477771 -0.7857537966693071 0.004797714559420588 1.7727990188570597 -0.007266388034142031 -0.5690452518454985
-0.2099480657277051 -0.7840030388515756 0.004668522371416658 1.7741425087774052 -0.007065672670079059 -0.569879055980385
-0.207089338175371 -0.7822599268007929 0.004538534555035258 1.7754686214721886 -0.006865210178690457 -0.5707097461827062
-0.2041996548900243 -0.7805256542366846 0.004407818593593924 1.7767771525040872 -0.00666504578072291 -0.5715367202844925
-0.20127956490081084 -0.7788013863184551 0.0042764203841900335 1.778067892989121 -0.006465224369456311 -0.5723593970909212
-0.1983295396242986 -0.7770883124931743 0.0041443696150880735 1.7793406463622166 -0.006265780433682238 -0.573177147455609
-0.19535010006963596 -0.7753875331611613 0.004011705667036917 1.7805952149400803 -0.006066749698922316 -0.573989421533765
-0.19234175302426437 -0.7737001184785501 0.0038784616773206975 1.7818314064597447 -0.00586816344733096 -0.5747956836441668
-0.18930505160590558 -0.7720271738449047 0.0037446733540628364 1.783049022454677 -0.005670050374007205 -0.57559535891539
-0.18624041226013419 -0.7703697057474294 0.0036103576179390344 1.78424788965754 -0.005472429091844226 -0.5763879359647419
-0.1831484232546393 -0.7687287650786142 0.003475555673066233 1.7854278121324838 -0.005275323242648858 -0.5771728723939884
-0.18002953519821294 -0.767105305516776 0.0033402824594889794 1.7865886182101542 -0.005078746661498674 -0.5779496889813999
-0.17688424682959358 -0.7655003189133396 0.0032045629220535596 1.7877301303079773 -0.00488271063981077 -0.5787178654142319
-0.1737131048924283 -0.7639147726649563 0.0030684227378066447 1.7888521691831514 -0.004687225864114924 -0.5794768986728985
-0.1705165196760764 -0.7623495405112476 0.0029318686582522945 1.789954576475787 -0.004492293766412734 -0.5802263496871152
-0.16729507387399037 -0.7608055417075953 0.0027949317029325902 1.7910371763452988 -0.004297920405554596 -0.5809657434558176
-0.16404921141592382 -0.7592836639577663 0.002657614851592276 1.7920998105308483 -0.004104100601268559 -0.5816946105681146
-0.1607794273060548 -0.7577847125310164 0.0025199346042256315 1.793142321437946 -0.00391083103663228 -0.5824125557021445
-0.1574862636651593 -0.7563095331497719 0.002381906445052305 1.794164548598104 -0.003718105774708165 -0.5831191384629558
-0.15417018656853038 -0.7548589453037022 0.002243532188434879 1.7951663414457735 -0.0035259114870758597 -0.5838139273029131
-0.1508316498104682 -0.753433745714151 0.002104815011680209 1.796147553228154 -0.0033342310895737148 -0.5844965025774307
-0.14747115684455797 -0.7520347107227545 0.0019657627367957718 1.7971080368956835 -0.0031430472513265546 -0.585166458484217
-0.14408919782803292 -0.7506625945670303 0.0018263766708026307 1.7980476498016296 -0.0029523389900294123 -0.5858234001546282
-0.14068631291668526 -0.7493180709733164 0.0016866641157759796 1.7989662523469712 -0.0027620875428367025 -0.5864670036833997
-0.13726290225198334 -0.7480019126611519 0.0015466086391594776 1.7998637110782065 -0.002572259052947389 -0.5870968336639725
-0.13381953943490213 -0.7467148053560296 0.001405653272261087 1.8007398917732917 -0.0023828286130936215 -0.5877125268823166
-0.1303566639039056 -0.7454573765970955 0.0012649032212165058 1.8015946658828628 -0.002193758285941017 -0.5883137953106189
-0.1268747629711884 -0.7442302656779402 0.0011232864883180874 1.802427911442932 -0.0020050187507115475 -0.5889002894916047
-0.1233743089617302 -0.743034176696299 0.0009812926455977453 1.8032395027460364 -0.0018165642935161642 -0.589471620350337
-0.11985582768328792 -0.7418696659486846 0.0008389570556935702 1.8040293221167107 -0.0016283594536340674 -0.5900275251031167
-0.11631976715313391 -0.7407373932844245 0.000696259579710065 1.8047972527844751 -0.0014403576039539732 -0.5905676306087776
-0.11276662813672397 -0.7396378784715101 0.0005531933052845995 1.8055431844587804 -0.0012525176336750125 -0.5910916922509506
-0.10919689718690392 -0.7385716861876854 0.0004097418905883332 1.8062670083905616 -0.0010647929185846974 -0.5915994140163345
-0.10561110849889029 -0.7375394245736888 0.00026589370640723236 1.8069686175691704 -0.000877134361181282 -0.5920904500926524
-0.10200966199426437 -0.736541562525558 0.00012161544647348464 1.8076479114400055 -0.0006894892156119366 -0.5925645823509884
-0.09839306806991878 -0.7355786756156528 -2.3102430184256486e-05 1.8083047893138453 -0.0005018028428101406 -0.593021482198152
-0.09476182662171875 -0.7346512003912062 -0.00016827856033375824 1.8089391580124794 -0.0003140236136211799 -0.5934609478570123
-0.0911164234603487 -0.7337596202682394 -0.0003139357846034869 1.8095509254739393 -0.00012609458763878877 -0.5938827254084307
-0.08745733067931756 -0.7329044641304814 -0.00046010019412056464 1.8101400004671129 6.20465455346985e-05 -0.5942865106186386
-0.08378507247199106 -0.7320861221769943 -0.000606786944027185 1.8107063010312832 0.00025045562407861085 -0.5946721246508885
-0.08010009473805062 -0.7313050255155801 -0.0007545876747233949 1.8112497453010339 0.0004391967287835513 -0.5950393343471119
-0.07640289403190806 -0.7305616057835322 -0.0009029950262192264 1.8117702532430913 0.0006283385803052546 -0.5953879189511754
-0.07269395600871266 -0.7298562738076835 -0.0010519771797050425 1.8122677490738806 0.0008179467504157023 -0.5957176625668161
-0.06897375424487376 -0.7291894261806098 -0.0012015568814052716 1.8127421596475175 0.00100808829180428 -0.5960283564939421
-0.06524275045455316 -0.7285614463287944 -0.0013517638093667093 1.8131934140295805 0.0011988321715243925 -0.5963197994851483
-0.06150145616272401 -0.7279727029036583 -0.0015026175635188936 1.8136214478907784 0.0013902461229759707 -0.5965917953137329
-0.057750371198107525 -0.7274234910798028 -0.0016541452356669969 1.814026201857204 0.0015823965645534674 -0.5968442128585726
-0.05398998151379146 -0.7269141560263903 -0.0018063772564854024 1.8144076165690743 0.0017753546766765612 -0.5970768679537265
-0.05022076084721492 -0.7264450308297897 -0.0019593446354324016 1.8147656347234824 0.0019691933120991865 -0.5972895834553573
-0.04644317111156312 -0.7260164368437716 -0.002113078813472715 1.8151002008103376 0.0021639868962310656 -0.597482189245458
-0.04265772309330241 -0.7256286120526995 -0.002268146057176307 1.8154112714069432 0.002359805002882415 -0.5976545738371682
-0.03886485267181744 -0.7252818646953159 -0.0024240916471642182 1.815698793015323 0.0025567302567279715 -0.597806581729393
-0.03506510898145892 -0.7249764793276295 -0.0025808381355718257 1.8159627285155608 0.002754835354448282 -0.5979380547109047
-0.03125896748930621 -0.7247126706228048 -0.0027384122848791888 1.8162030388766757 0.002954193197247815 -0.5980489020204924
-0.027446891880425827 -0.7244906444702579 -0.0028968441786159753 1.816419686585703 0.0031548777234859165 -0.5981390376085218
-0.02362933200658053 -0.7243107196845056 -0.0030561675290122483 1.8166126295447833 0.003356970423816248 -0.5982082648087733
-0.01980685217793679 -0.724173013726041 -0.0032163797489245 1.8167818524084722 0.0035605375238916505 -0.5982565594438138
-0.015979874852278253 -0.7240777513625126 -0.0033780719293617467 1.816927321436845 0.0037656589224023813 -0.5982837893777598
-0.01214887654380179 -0.7240251122671283 -0.0035407991759462704 1.817049010096782 0.003972414562657516 -0.5982898899254471
-0.0083143824474644 -0.7240153123282554 -0.0037044594833963097 1.8171469015319164 0.0041808801218415894 -0.5982747350949426
-0.004476845028468944 -0.7240484999684926 -0.0038690710265913563 1.8172209742521315 0.004391130641100536 -0.5982382669746761
-0.0006367664978627332 -0.7241248118913427 -0.004034638937795961 1.8172712175928853 0.00460323824944645 -0.5981804266671257
0.003205385601669233 -0.7242443077827728 -0.004201721359841972 1.8172976588928444 0.0048172753420935655 -0.5981011286291825
0.007049118841428359 -0.7244071794166624 -0.004369906903715884 1.8173002519391823 0.005033325752388813 -0.5980003532997206
0.010893967882842864 -0.7246135440239956 -0.004539082577288712 1.8172789886302259 0.005251463281473788 -0.5978780550248765
0.014739417764490524 -0.7248635059636962 -0.004709199355828556 1.817233873006532 0.005471757152854108 -0.5977341858074556
0.018585027108990702 -0.7251571672210295 -0.004880287575097035 1.817164898388252 0.00569427952186968 -0.5975687077606795
0.02243030486194885 -0.7254946185348238 -0.005052345460605894 1.8170720702645202 0.005919099205098652 -0.5973815808778347
0.026274771426498672 -0.7258758834086414 -0.0052253867505920116 1.816955399026593 0.006146281315885427 -0.5971728257404242
0.030117899778068235 -0.7263010362562323 -0.005399402166156829 1.816814903742978 0.006375890767397854 -0.5969424016751698
0.0339592370030111 -0.7267701508251823 -0.0055744309950813645 1.816650591197823 0.006607995683539375 -0.5966902789299733
0.03779834076726924 -0.7272832345537872 -0.005750497775459723 1.8164624727322727 0.006842660651134266 -0.5964164883990842
0.041634719475865514 -0.7278402852957929 -0.005927592231415838 1.8162505731842942 0.00707994634800786 -0.5961210558631459
0.04546789501271915 -0.7284413578039602 -0.006105721097307625 1.8160149126534284 0.007319916390809557 -0.5958039530972181
0.0492973413264611 -0.7290864955538178 -0.006284865991167954 1.8157555255143913 0.007562630207349949 -0.5954651481267842
0.053122665008892116 -0.7297756268373866 -0.006465083225976057 1.8154724275714345 0.00780814681381039 -0.5951047405890272
0.056943362942587505 -0.7305087271296629 -0.006646340068311836 1.8151656582539917 0.008056521017134088 -0.5947227586790931
0.06075894592347817 -0.7312858294086017 -0.006828630080134218 1.8148352515080486 0.008307810182715666 -0.5943191769854113
0.06456891851057338 -0.7321069009055567 -0.007012528650790006 1.814481222183571 0.008562063632597702 -0.5938941089434974
0.0683728959958258 -0.7329719099145998 -0.0071976787181922625 1.8141036192753217 0.008819341081781548 -0.5934475169005676
0.07217036454684167 -0.7338807510186094 -0.00738394493321105 1.8137025026746245 0.009079688481627926 -0.5929794864694262
0.07596082377551687 -0.7348333164315607 -0.007571288308817334 1.8132779324561061 0.009343149455703722 -0.59249010277451
0.07974384713859478 -0.735829565448664 -0.007759712964044367 1.8128299452866625 0.009609773954808564 -0.5919794055891615
0.08351902040854116 -0.7368694569256401 -0.007949786968773555 1.8123585780512237 0.009879610962293834 -0.5914474352887483
0.08728582184777907 -0.737952865885846 -0.008141007500507077 1.811863905395485 0.01015270200829606 -0.5908942734476932
0.09104386104847799 -0.739079685736927 -0.008333306360130606 1.8113459668557037 0.010429091008481628 -0.5903200208126248
0.09479263901565022 -0.7402498551185908 -0.008526627240543249 1.8108048297978963 0.01070881522459989 -0.5897247038922073
0.09853166947223585 -0.7414631871463223 -0.008720939544754011 1.8102405748966819 0.010991902870914094 -0.58910845989736
0.10226053998730639 -0.7427196269344882 -0.008916232450823586 1.8096532487491923 0.011278392368688054 -0.5884713270623034
0.10597884842008982 -0.7440189946947668 -0.009112482034721195 1.8090429111843092 0.011568313457737005 -0.5878134544396785
0.10968608524687636 -0.7453611577668379 -0.009309631248234687 1.8084096513187355 0.011861689175835527 -0.5871349142482567
0.11338181679374743 -0.7467459854623948 -0.009508229805300115 1.807753539644901 0.012158545258856466 -0.5864357872478709
0.11706561839446707 -0.7481733013631499 -0.009707179550570608 1.8070746470995611 0.012458908104250826 -0.5857162179505722
0.12073702005028739 -0.7496429639989421 -0.009907465449868005 1.806373062479212 0.012762790630076595 -0.5849762731251251
0.12439562440199903 -0.7511547926550889 -0.010108589096848496 1.8056488554354517 0.01307021556148088 -0.5842160940156845
0.12804098509825745 -0.7527085962758467 -0.010310450871854658 1.8049021159686647 0.013381194437584768 -0.5834358067853815
0.13167266852621015 -0.7543041849819608 -0.010513001818112412 1.804132932445262 0.013695736459613042 -0.5826355365202475
0.13529031252403184 -0.7559413793306776 -0.010716208779990159 1.8033413701768937 0.014013853826761733 -0.5818154199939205
0.13889338867963377 -0.757619975610313 -0.010919995699963362 1.8025275563614005 0.014335542403895845 -0.5809755561046538
0.14248156064907308 -0.7593397364257974 -0.01112434166048182 1.8016915609511406 0.014660807114227547 -0.5801161332435767
0.1460543844262941 -0.7611004723369932 -0.011329181424857197 1.8008334857102575 0.014989644987822423 -0.5792372599503598
0.14961142925814438 -0.762901995689663 -0.011534461407252913 1.7999534300568956 0.015322051072910835 -0.5783390444656019
0.1531522773013926 -0.7647440588793686 -0.011740128224313123 1.7990515010832209 0.01565801487461333 -0.5774216465738801
0.1566765233594168 -0.7666264180638293 -0.01194612765268895 1.7981278035547592 0.015997524033317518 -0.5764852239861255
0.1601837745671387 -0.7685488331472384 -0.01215240450692603 1.797182439769468 0.016340564322838584 -0.5755299325142671
0.16367365008499588 -0.7705110677623723 -0.012358902672733329 1.7962155094215335 0.016687119648286487 -0.5745559262404004
0.1671457247231588 -0.7725128734318394 -0.012566140052355202 1.7952271346491226 0.017037166680256826 -0.5735633402500374
0.1705996414989265 -0.7745539717315802 -0.012772939544475509 1.7942174173208332 0.017390687936358756 -0.5725523830031388
0.17403499881019222 -0.7766341177267442 -0.012980326548213055 1.7931864756802336 0.017747650674164627 -0.5715231816241104
0.17745140750581592 -0.7787530258495394 -0.013187720288601051 1.7921344318385515 0.018108027877432823 -0.5704759219240364
0.18084848977382975 -0.7809104728069122 -0.013395021354944955 1.7910613944779914 0.018471788927960826 -0.5694107335874101
0.1842258222837249 -0.783106104470015 -0.013602154551033507 1.7899675181863324 0.018838888089000052 -0.5683278301563434
0.1875831109512368 -0.7853397177832052 -0.013809068792021158 1.7888528801126147 0.019209296418820042 -0.567227350906679
0.19091989800867548 -0.787610959358285 -0.014015676890987424 1.7877176545119686 0.019582958637459295 -0.5661094880185037
0.19423591413530356 -0.7899195746481905 -0.014221932117562681 1.7865619237771273 0.019959838749329977 -0.5649744258934233
0.19753072546948128 -0.7922652847348548 -0.014427746620378388 1.7853858433515246 0.02033988128096846 -0.5638223000953257
0.20080402857287027 -0.7946477733209419 -0.014633064592849488 1.7841895271021453 0.020723037339734286 -0.562653324338885
0.20405547259845475 -0.7970667210684472 -0.014837812368714355 1.7829731114947356 0.021109250333146454 -0.5614676924811894
0.20728466097899623 -0.7995218054663484 -0.015041911371794307 1.7817367556280486 0.021498455781892543 -0.5602655784315869
0.21049126830705592 -0.8020127208837162 -0.015245297060189506 1.7804805885459802 0.02189059371804583 -0.5590471687164522
0.21367498047980307 -0.8045391683925813 -0.015447900549473604 1.779204735568873 0.02228560258779404 -0.5578126465088533
0.21683543744765732 -0.8071007829636303 -0.015649644529516955 1.7779093597232494 0.02268340940811236 -0.5565622229457673
0.21997234866892618 -0.809697280665985 -0.015850464723506135 1.776594578339451 0.023083949493823697 -0.555296073280104
0.22308537721521005 -0.812328311134837 -0.0160502845677745 1.775260547174793 0.023487146726739568 -0.5540144004176926
0.226174197559226 -0.8149935948361898 -0.01624903122068473 1.773907402482954 0.023892926881415553 -0.5527173554959528
0.22923849719167788 -0.81769273309598 -0.016446634296641213 1.7725353078131958 0.024301207471709885 -0.5514051810501271
0.2322779171035554 -0.8204253895001831 -0.016643013929043812 1.7711444345029195 0.02471190131347324 -0.5500780492166916
0.23529222563153152 -0.8231912561388787 -0.016838113179957793 1.769734893682282 0.025124933403998052 -0.5487361633742875
0.23828108647431112 -0.8259899492344335 -0.017031850058342294 1.768306865164768 0.02554021043651384 -0.5473797338438898
0.24124423280797436 -0.8288211047787775 -0.017224160465072056 1.766860496216562 0.025957644730305242 -0.5460089832418155
0.24418135018626103 -0.8316844205133729 -0.01741496694664296 1.7653959411595879 0.02637714371792958 -0.5446240651015632
0.24709213675083264 -0.8345795386456317 -0.017604197954451423 1.763913366949491 0.026798610315583178 -0.5432251754415067
0.24997635987331296 -0.8375060578747479 -0.017791793130094668 1.762412924939765 0.02722195025269315 -0.541812569052068
0.2528336815827697 -0.8404636296535916 -0.017977669475287568 1.7608948022109854 0.02764705702706932 -0.5403864119746411
0.25566389031499137 -0.8434519351216806 -0.018161770974995994 1.7593591226167262 0.02807383765098277 -0.5389469033752657
0.2584666705134266 -0.846470579928902 -0.018344017891852134 1.757806082541713 0.028502180270836504 -0.5374942451589161
0.26124177548981825 -0.8495191905252836 -0.01852434828166696 1.7562358440274206 0.028931979544408907 -0.5360286523762091
0.26398896849524317 -0.8525974033963811 -0.018702697483640937 1.7546485644272638 0.029363129320266277 -0.534550334495595
0.26670802341177824 -0.8557048016422436 -0.018879002988116025 1.753044415793359 0.02979551955392012 -0.5330595394036939
0.26939860827042744 -0.8588410853475474 -0.019053182582639112 1.7514235858416454 0.030229030248681208 -0.531556381996973
0.27206057561824354 -0.8620058674532362 -0.019225192904912956 1.7497862064430485 0.03066355778703326 -0.5300411198819222
0.27469361532134207 -0.8651987404431232 -0.019394953334413108 1.7481324955549418 0.031098974496910167 -0.528513944855769
0.2772975423848253 -0.8684193289306408 -0.019562413537266423 1.746462605079889 0.03153516790562356 -0.5269750822967597
0.27987212353141044 -0.8716672577243441 -0.01972750815475318 1.744776712532451 0.0319720170709589 -0.5254247316061198
0.28241707880918343 -0.8749421518129423 -0.019890167583652918 1.743075020661561 0.032409392455222265 -0.5238630664452487
0.28493225336795164 -0.8782436042704729 -0.020050346957117795 1.7413576866324743 0.03284717748348477 -0.5222903377998601
0.28741744216673387 -0.8815712729839429 -0.02020798468469798 1.7396248719515248 0.03328524993041665 -0.5207067273249077
0.289872393887168 -0.8849247518398462 -0.020363016505383753 1.7378767856430914 0.033723476004064036 -0.5191124328797838
0.29229692384519207 -0.8883036569372601 -0.020515392344936725 1.7361135999907553 0.03416173004676967 -0.5175076666448419
0.2946907993823551 -0.8917076053095073 -0.02066505100180018 1.7343355130938714 0.03459987773892304 -0.515892613854194
0.2970539112008145 -0.8951361824357862 -0.02081195561605997 1.7325426777404829 0.035037798930143284 -0.5142675365263706
0.2993859861821446 -0.898589018710578 -0.020956035074745062 1.7307353128197933 0.03547535024825015 -0.5126325853710917
0.30168687574046754 -0.902065712600511 -0.021097249680126565 1.7289135914174076 0.03591240290242175 -0.5109879886747839
0.3039563822994273 -0.9055658643825192 -0.021235545546380512 1.7270777129191466 0.036348819362959375 -0.5093339464835586
0.3061943169274022 -0.9090890864448063 -0.021370873392955764 1.7252278708690527 0.03678446212301706 -0.5076706523725857
0.3084005550831981 -0.9126350133281598 -0.021503194362014463 1.7233642212120668 0.03721920271256228 -0.5059983152873475
0.3105749238029212 -0.9162032167629872 -0.021632460371474538 1.721486971178793 0.03765290115620003 -0.5043171555914628
0.3127172006690384 -0.9197933352415688 -0.021758617352000267 1.7195963290169365 0.038085411082832546 -0.5026273255547458
0.31482728582167374 -0.9234049751544622 -0.021881635808012077 1.7176924577840906 0.038516602196316176 -0.5009290547802161
0.3169049743274391 -0.9270376708696902 -0.022001465096190796 1.7157756051624957 0.03894632345686899 -0.4992225601464171
0.31895017916302587 -0.9306911194635673 -0.022118076394904176 1.713845896165052 0.03937444780597601 -0.4975080183305164
0.3209627092117049 -0.934364879576215 -0.0222314218824087 1.7119035674707885 0.039800824696037566 -0.49578563273043225
0.3229424374635679 -0.9380585338231265 -0.02234147031505691 1.709948817015946 0.040225313541665246 -0.49405562141275294
0.32488918590947785 -0.9417717320891308 -0.022448178103677024 1.7079818423228204 0.04064776694551606 -0.4923181353761884
0.3268028986517141 -0.9455040275569712 -0.02255152760291548 1.7060028239265848 0.04106805269411002 -0.49057343952425725
0.32868335492024076 -0.9492550216681515 -0.02265146780181145 1.7040120072132725 0.041486012062194745 -0.48882168529488484
0.33053051028671077 -0.9530243587762699 -0.02274798480241359 1.7020095326436717 0.041901516446355445 -0.48706308623472994
0.3323442122429649 -0.9568116750447396 -0.02284103931558622 1.6999956006996724 0.04231441783899339 -0.485297803923886
0.3341243178242067 -0.9606164901606379 -0.022930603135165678 1.6979704622092648 0.04272456440228518 -0.48352606610300486
0.3358706890831188 -0.9644384035381999 -0.023016647690878963 1.6959343327139749 0.04313180721991177 -0.4817480559261353
0.33758324860003186 -0.968277101996781 -0.02309915256159028 1.6938873593040193 0.04353601036132771 -0.47996393756611366
0.3392619260462534 -0.9721321543664048 -0.023178099432327456 1.6918297420479462 0.0439370342886077 -0.47817394040348565
0.34090654368973733 -0.9760031240605729 -0.023253453545266423 1.6897617408788206 0.04433471942606236 -0.4763782391107243
0.34251704242755665 -0.9798896083799438 -0.02332520490033104 1.6876835426584347 0.04472892795122452 -0.47457704766068187
0.34409330959390494 -0.983791272848259 -0.02339332829724241 1.685595330967642 0.0451195142250067 -0.4727705149243765
0.3456352961562743 -0.9877076751965378 -0.023457815102642773 1.683497311225212 0.04550634003601131 -0.47095887600311886
0.34714284342020674 -0.9916384331248842 -0.023518635593911603 1.6813897179584514 0.045889248466455014 -0.46914227659622315
0.3486159104082809 -0.9955831965327552 -0.023575784357950394 1.679272712301033 0.046268105037877434 -0.46732090375525814
0.3500544060481793 -0.999541488709404 -0.023629246802870357 1.6771465458768697 0.04664276145094956 -0.46549498083174673
0.3514582405949278 -1.0035129779874876 -0.02367900809668228 1.6750113997913025 0.04701307397557933 -0.46366465638307786
0.35282732979522374 -1.0074972797616648 -0.02372505659000371 1.6728674807755528 0.04737889787025535 -0.4618301064049673
0.3541615946365676 -1.0114939579795947 -0.023767383667164178 1.6707150215155433 0.047740087522470956 -0.4599915325165888
0.35546095968200647 -1.0155025913329987 -0.02380598170900763 1.6685542480610227 0.048096498284514504 -0.45814912824413684
0.35672535147069495 -1.0195228376523546 -0.023840842139308715 1.6663853465916485 0.04844798812312087 -0.45630304773944086
0.3579547012276173 -1.0235543021248215 -0.02387195933800162 1.6642085301920202 0.04879441418806139 -0.4544534710467194
0.35914894321603913 -1.027596603615401 -0.023899328646376776 1.6620240052875002 0.04913563454603503 -0.45260057121814634
0.3603080159770774 -1.0316493094339885 -0.023922948253973196 1.6598320058190699 0.04947150659467508 -0.4507445455103407
0.36143191497076016 -1.0357120756334004 -0.023942823875920942 1.6576326915505186 0.04980190196484795 -0.4488855766515634
0.36252052798111467 -1.0397844226137236 -0.023958946062605613 1.6554263521251438 0.05012666648495334 -0.4470238532173066
0.363573799665861 -1.043866025934123 -0.023971316052897564 1.6532131662373832 0.05044566193445894 -0.4451595193969588
0.36459167831460204 -1.0479565079903013 -0.023979935485230173 1.6509933413781215 0.05075874949506554 -0.44329274397381785
0.36557411424957015 -1.0520555045216478 -0.02398480671979118 1.6487670783318298 0.05106579126021219 -0.4414236891415928
0.366521116793853 -1.0561626079381383 -0.023985943272652372 1.6465345743523097 0.05136666098794387 -0.43955256429654843
0.3674325838441447 -1.060277407336022 -0.023983339730180186 1.6442960866412117 0.05166120884288943 -0.4376795219979403
0.36830847229784186 -1.0643995149157521 -0.023977004781599073 1.642051831750407 0.051949298344847544 -0.4358047324806746
0.36914874047529905 -1.0685285565986753 -0.023966945519099128 1.6398020194462706 0.05223079396257698 -0.4339283591366849
0.3699534051415995 -1.0726641149569947 -0.023953179882965855 1.6375468572805236 0.05250557233161752 -0.432050611286484
0.37072236959820565 -1.076805835289224 -0.02393570514398617 1.6352865747498349 0.05277348698231219 -0.43017161322035585
0.3714555957142474 -1.0809533842432093 -0.023914532410802092 1.6330213608572979 0.053034405067792605 -0.42829150852005143
0.37215310481493874 -1.085106318451712 -0.023889683203500347 1.6307514417406463 0.05328820505346838 -0.4264105142214203
0.37281486012813797 -1.0892642667731967 -0.023861166782029763 1.6284770315524977 0.05353475456145928 -0.42452878690270207
0.3734407697280113 -1.0934268631425967 -0.023828986745023345 1.6261983700711105 0.053773909087968114 -0.4226464523295046
0.3740308570368733 -1.097593705736683 -0.023793168155386752 1.6239156633650478 0.054005550146688806 -0.4207637062401104
0.3745851429621281 -1.1017644721951418 -0.023753730182693392 1.6216290720376199 0.05422956112901047 -0.4188807103395364
0.3751035379127277 -1.1059387049792537 -0.023710678937919966 1.6193388952299537 0.05444579754381857 -0.4169976230966339
0.37558606482461615 -1.1101160438617141 -0.023664040337485887 1.6170453190310254 0.05465414364419533 -0.4151146188463042
0.3760326891972315 -1.1142961335986354 -0.023613827985695612 1.6147485558088783 0.054854470978597615 -0.41323184065362023
0.37644337667579497 -1.1184786318193698 -0.023560057913627603 1.6124488108924429 0.05504665187852414 -0.4113494257955185
0.3768180942106914 -1.1226631431062273 -0.023502748234709058 1.610146323618725 0.05523055854710121 -0.4094675308458367
0.37715686598389786 -1.1268492281567246 -0.02344192719708787 1.6078413354227759 0.05540607688361743 -0.4075863545688353
0.3774597118848248 -1.1310365940247422 -0.023377617742295638 1.6055339980690368 0.05557309526973529 -0.40570603877733097
0.3777265963744874 -1.135224819817311 -0.023309837915176164 1.6032245732220605 0.05573148708202992 -0.40382674364021387
0.3779574824239853 -1.1394135650497714 -0.023238606452620127 1.6009132727515636 0.05588112732443124 -0.40194859856388504
0.3781523901310537 -1.1436024434121184 -0.023163952117879492 1.5986003122203942 0.05602190506274405 -0.400071775505284
0.3783113375808558 -1.1477910821701833 -0.023085901642534552 1.5962859008387955 0.056153710026866734 -0.3981964393011801
0.378434284548351 -1.1519791144647302 -0.023004473591686298 1.59397027292518 0.05627641827194398 -0.39632272373669775
0.37852124668964987 -1.156166193840667 -0.022919696790709557 1.5916536239347157 0.0563899209557073 -0.39445078124754696
0.3785722387107191 -1.1603519204338963 -0.02283159960843947 1.5893361867697362 0.05649410914712217 -0.392580780533935
0.3785872156136713 -1.1645359670659643 -0.022740200779597868 1.5870181747670373 0.05658886059409713 -0.390712836906606
0.3785662470012632 -1.168717900845914 -0.022645540053424663 1.5846998204267229 0.05667408179766585 -0.38884715295819783
0.3785092834190491 -1.1728974214756935 -0.022547634205924375 1.5823813229988484 0.056749651425574026 -0.3869838313763144
0.37841633359652666 -1.1770741148775243 -0.022446514668451687 1.5800629333750906 0.05681546245010333 -0.38512303755970745
0.37828745944874487 -1.181247654050796 -0.02234221747741607 1.5777448195062906 0.0568714239402954 -0.38326493279315227
0.37812266354986235 -1.1854176508595977 -0.022234769895022082 1.57542722009035 0.05691742972936763 -0.3814096689237487
0.3779218885294551 -1.1895837900158501 -0.022124191616001883 1.57311035145746 0.05695335951815868 -0.3795573470131571
0.37768519188865035 -1.193745648944676 -0.022010522693777082 1.5707944537161471 0.05697912313158468 -0.37770815236622146
0.37741262617609245 -1.1979028854415894 -0.021893797843913362 1.568479714387455 0.05699463126548042 -0.3758622424029694
0.3771041833619852 -1.2020551628063247 -0.021774043528215735 1.5661663453466936 0.05699977947340785 -0.3740197446254741
0.3767598494455895 -1.206202095480014 -0.02165049948082571 1.5638545964132118 0.056994463335656415 -0.37218080971124695
0.3763796767458399 -1.2103433679351017 -0.021524783724999157 1.5615446391693677 0.056978587370412094 -0.37034556030634364
0.3759636433079674 -1.214478558082046 -0.021395369244945832 1.5592367560020615 0.05695205509129632 -0.36851416336106274
0.37551184767043605 -1.2186073875931611 -0.02126305860187127 1.5569310728021328 0.05691478789167468 -0.3666867627089577
0.3750242681948419 -1.2227294481160529 -0.02112790437371778 1.5546278641353004 0.05686668206205649 -0.3648634951622788
0.3745009381246453 -1.2268443514179548 -0.020989944546351752 1.5523273673384181 0.056807650614164845 -0.36304451516085817
0.37394188611756035 -1.2309517887246177 -0.020849211757384047 1.550029764419834 0.05673760714155459 -0.36122995289185283
0.3733471381896317 -1.2350513958339502 -0.02070573923832772 1.547735280257131 0.05665646517139108 -0.3594199514193089
0.37271671681259894 -1.2391428209440358 -0.02055955980423214 1.5454441330814097 0.05656413847157645 -0.3576146480818251
0.37205064097569435 -1.2432257242962108 -0.020410705866398208 1.543156534493253 0.056460541033737176 -0.35581417485448685
0.3713489844594428 -1.247299717117858 -0.02025921910908865 1.5408727107865103 0.056345603339752054 -0.3540186984122354
0.3706117578020679 -1.2513644842793064 -0.020105128141887692 1.5385928605783419 0.056219239563039765 -0.35222833919377544
0.36983902659824613 -1.2554196607029908 -0.01994847342625743 1.5363171980754164 0.05608138054589474 -0.35044325235055707
0.36903079328861815 -1.259464954424002 -0.019789282634524515 1.5340459089333718 0.055931940568497936 -0.348663548200536
0.3681871164073363 -1.2634999561523843 -0.019627596105699117 1.5317792461465771 0.055770850673737105 -0.34688938765305866
0.3673080489983947 -1.2675243364292264 -0.019463449948778022 1.5295174050122713 0.05559804210213253 -0.3451209092526686
0.36639364033062205 -1.2715377103319427 -0.01929688045678084 1.527260626323506 0.055413446017554234 -0.34335826182571105
0.36544393444077905 -1.2755397720738733 -0.019127922385550784 1.5250090926537436 0.05521699370398474 -0.3416015730250219
0.36445897177309516 -1.2795301596388988 -0.018956610764234334 1.5227630326100585 0.05500861639203231 -0.3398509810161251
0.36343878848888045 -1.283508522887185 -0.01878297999105392 1.5205226682248492 0.054788245360484884 -0.3381066186606303
0.3623834745240884 -1.2874745282273603 -0.018607072119505887 1.5182881882294204 0.05455582933674068 -0.33636863565656716
0.3612930561676156 -1.2914278480006525 -0.018428917538267788 1.5160598026480618 0.054311299382200535 -0.33463715448216136
0.36016761386958057 -1.295368170254913 -0.018248556756299213 1.513837688572926 0.05405460416911824 -0.3329123148736284
0.3590071658549329 -1.2992950550486102 -0.018066020337860388 1.5116221503881857 0.05378567459639108 -0.33119425780812456
0.3578117834788064 -1.3032082145201216 -0.01788134730125915 1.509413351552132 0.05350445936303787 -0.3294831125213951
0.3565815329541647 -1.3071073703354037 -0.017694573448393928 1.5072114503088256 0.053210906995261126 -0.32777900405645455
0.3553165350447155 -1.31099212441874 -0.017505743179487797 1.5050166819490938 0.05290498395999859 -0.3260821007538251
0.35401678718892093 -1.3148620819177272 -0.01731488130892609 1.5028293270257604 0.052586620329909864 -0.3243925223642633
0.3526823993733343 -1.3187170030886337 -0.017122031570824717 1.5006494987654764 0.052255782357712235 -0.32271040028951303
0.3513134180381993 -1.322556518033546 -0.016927225332388537 1.4984774408250094 0.05191241795485741 -0.3210358663403821
0.3499098851164365 -1.3263802684314339 -0.016730495483683317 1.4963133900019454 0.05155647496198453 -0.31936904749786005
0.34847195546579574 -1.3301879158250725 -0.016531889894366006 1.4941575271316394 0.05118793798258721 -0.3177101068873815
0.3469996591222788 -1.3339791237128769 -0.016331434770546285 1.4920100775307539 0.050806754112945586 -0.3160591612250459
0.34549308090344394 -1.3377535703336694 -0.016129168027482627 1.4898712355203763 0.05041288897686385 -0.3144163434099468
0.34395230015733524 -1.3415109439550459 -0.015925124393299923 1.4877411898639967 0.050006307948830916 -0.31278178190180317
0.3423774498627936 -1.3452509465782738 -0.015719345295846624 1.4856201000529832 0.04958699490389627 -0.31115562070089675
0.3407685392610294 -1.3489731474811466 -0.015511854392507705 1.4835082808628797 0.04915489599524711 -0.3095379818378094
0.33912575041305026 -1.3526772747063573 -0.015302701056288993 1.4814058555255232 0.04871001379079189 -0.3079290193646319
0.3374491396230259 -1.356362989897084 -0.015091911811977764 1.4793130471560378 0.04825231237080908 -0.3063288543246723
0.33573875861925107 -1.3600299649812555 -0.014879516749827218 1.4772300723362868 0.047781755651050736 -0.3047376038651098
0.33399477319881055 -1.3636778893684471 -0.014665560191131938 1.4751570959433493 0.04729834580725097 -0.30315541932307555
0.33221722306529333 -1.3673064543867446 -0.014450065689070268 1.4730943236309928 0.04680204584102943 -0.3015824094135457
0.33040626306455634 -1.3709153008942137 -0.014233075616194912 1.4710419678512792 0.04629285767107999 -0.3000187266941154
0.328561981467988 -1.37450407674517 -0.014014619274854576 1.469000257992774 0.04577076322141265 -0.298464499806016
0.3266845204424179 -1.3780725108325167 -0.013794733991416576 1.4669693374979316 0.045235763322117255 -0.2969198618943542
0.3247739562710665 -1.3816202695546616 -0.013573446777512793 1.4649494254821422 0.044687838982238846 -0.2953849333118265
0.3228304203714283 -1.3851469653772857 -0.013350793401466622 1.4629407719916725 0.04412699102357464 -0.29385985757285094
0.32085403718694155 -1.3886523563255677 -0.013126805563673561 1.4609435037098586 0.04355321910437457 -0.29234475531815324
0.31884492546497856 -1.3921361404382067 -0.012901514071807776 1.4589578021679173 0.042966522765307116 -0.2908397527042206
0.3168031984098497 -1.3955979573229864 -0.012674948883517455 1.4569839028254046 0.04236690150985502 -0.2893449806187299
0.3147289635493714 -1.3990374569833501 -0.01244713877780126 1.4550220349518577 0.04175435448411614 -0.2878605656461159
0.31262238267179726 -1.4024543698465215 -0.012218118143357553 1.4530723422386917 0.04112890017641208 -0.2863866391121084
0.3104836110070763 -1.4058483668404682 -0.011987918163918327 1.4511350241660783 0.040490556849154105 -0.28492333642342693
0.3083127971757458 -1.4092191282065984 -0.011756568644564593 1.4492102752223457 0.03983934217341654 -0.2834707885617957
0.3061100831897115 -1.4125664105335052 -0.011524097840536079 1.4472982248771653 0.039175272832215176 -0.2820291148025134
0.3038756054228818 -1.4158898427795676 -0.011290533221300095 1.4453991190298028 0.03849836586944178 -0.28059844628720204
0.3016094942986059 -1.41918906432344 -0.011055900977722292 1.4435131973171667 0.03780863788942337 -0.27917890983237964
0.29931193450510263 -1.4224638621194658 -0.010820232434372226 1.441640553613333 0.03710612468244247 -0.27777062965258725
0.29698304361440697 -1.4257138917404983 -0.010583549036512355 1.4397814187024824 0.036390841642993194 -0.27637372528144005
0.29462299450056073 -1.4289388210132257 -0.010345879796188487 1.4379359990755167 0.03566282450891381 -0.2749883280060904
0.2922319532074233 -1.432138394367689 -0.01010725012700193 1.436104435042168 0.03492210789659043 -0.27361455833585124
0.28981014025338414 -1.4353122984951294 -0.009867690889578312 1.4342869068116926 0.03416874711695441 -0.27225255488462846
0.2873576469240263 -1.4384602236295043 -0.009627216045314604 1.4324836248317256 0.033402754819279734 -0.27090242257760344
0.2848747364311457 -1.4415819097274716 -0.009385015272483985 1.4306947459951629 0.03262420634483912 -0.26956431784385143
0.2823615525923636 -1.444676965424865 -0.009141944354819442 1.4289205122858648 0.03183312700031479 -0.26823834832978605
0.2798182289975178 -1.4477451765561535 -0.008898059318179403 1.42716103888698 0.031029547937480584 -0.26692461665032163
0.2772450161388928 -1.4507862055349057 -0.008653394427437868 1.4254165288974956 0.030213543689856057 -0.26562326293094474
0.2746420950603437 -1.4537997887947607 -0.008407965213079474 1.42368713460046 0.02938516601505037 -0.264334403489287
0.27200964068054967 -1.4567856026502566 -0.008161789106723733 1.4219730664765609 0.0285444665607798 -0.26305815711822556
0.2693478829688787 -1.459743401585976 -0.00791489027376435 1.420274451663587 0.027691517149843973 -0.2617946468897051
0.26665704455574996 -1.4626728793939068 -0.007667287885525553 1.4185914769146428 0.026826389258980156 -0.2605439976614536
0.2639372796141648 -1.465573735896447 -0.007418991485203183 1.41692433909954 0.025949132033723135 -0.25930631803610193
0.2611888598307349 -1.4684456830188957 -0.007170028721012433 1.415273200637165 0.025059837203968493 -0.25808173851474847
0.2584119871161654 -1.4712884384226272 -0.006920410807796817 1.4136382346529672 0.024158573775236412 -0.2568703734041369
0.2556068570528165 -1.474101727291399 -0.00667015071734768 1.4120196096462894 0.0232454100084699 -0.2556723339875749
0.2527737206619525 -1.4768852840129274 -0.006419267988714106 1.4104174759066226 0.022320435183952703 -0.2544877403287414
0.24991282142855586 -1.47963885000598 -0.0061677771212077775 1.4088319801648728 0.021383737559733267 -0.253316709041543
0.24702439560816358 -1.4823621734922587 -0.005915690917176918 1.4072632655302388 0.02043540440296848 -0.25215935350803353
0.24410861082778318 -1.4850549401432174 -0.00566301295107861 1.4057115477895965 0.01947550087655154 -0.2510157776271947
0.24116581497559694 -1.4877168489541899 -0.005409772093662928 1.404176999244776 0.018504157387363104 -0.24988611454939685
0.23819616058821708 -1.4903476694580045 -0.0051559621402048296 1.4026597615941072 0.017521436193479803 -0.24877045770667977
0.23519998143481552 -1.4929471821677054 -0.004901608374004238 1.4011599362268472 0.01652746515696832 -0.2476689292415737
0.23217747809136585 -1.495515035203488 -0.004646709353714111 1.3996777742893485 0.015522327894488418 -0.2465816355593475
0.22912896951490044 -1.4980510237848361 -0.004391283784152117 1.398213368937605 0.014506150139769657 -0.24550869182891447
0.2260546418485274 -1.500554878322403 -0.004135326994108417 1.3967668979338947 0.013479012603983037 -0.24445019493841147
0.22295486243844145 -1.503026340461806 -0.0038788621268093402 1.3953385015736872 0.012441061985996656 -0.24340626695229128
0.21982986441157487 -1.5054651558560845 -0.0036218856699565755 1.3939283385743335 0.01139239873575431 -0.24237700811759819
0.21667987481722076 -1.5078711443496986 -0.0033643988642980812 1.3925364983774828 0.01033312169466398 -0.24136251303349618
0.21350523913732308 -1.5102439981699645 -0.0031064168008041893 1.3911631774682027 0.009263374996086052 -0.24036289772748443
0.21030623142129148 -1.512583416113467 -0.002847938828531168 1.3898085776404063 0.008183278774294629 -0.23937826620005065
0.20708318107165574 -1.5148892412989745 -0.002588973200819529 1.3884727564218529 0.007092972845349218 -0.23840872094531185
0.20383634656993474 -1.5171612524273463 -0.0023295158667655264 1.387155844262072 0.005992573793413312 -0.2374543572926734
0.2005660422441402 -1.5193991673816667 -0.0020695719128182963 1.3858580243137808 0.0048822203874150615 -0.2365152786474351
0.19727251199152698 -1.5216027102945742 -0.0018091343123102937 1.3845794835003138 0.003762027483197273 -0.23559157842367426
0.19395618133007161 -1.523771751040799 -0.0015482198928319347 1.3833202487953222 0.0026321749746686354 -0.23468336227428185
0.1906172771172612 -1.5259060248594913 -0.0012868118944666092 1.3820805017181554 0.0014927743600582238 -0.23379071856466418
0.18725614601178814 -1.528005275615492 -0.0010249162805345327 1.3808604032709821 0.00034398148173014355 -0.23291374625469977
0.18387312609903783 -1.530069321657063 -0.000762531335593593 1.3796600452396923 -0.0008140503489479549 -0.23205253860166627
0.18046854705330043 -1.5320979186590826 -0.0004996534966093525 1.3784795829113072 -0.001981168711708018 -0.2312071888581753
0.17704273062029488 -1.5340908962200268 -0.00023627766409643487 1.3773191019736108 -0.003157223641723152 -0.23037778509495924
0.17359599070063791 -1.5360480210099052 2.7602812010519423e-05 1.3761787515283097 -0.0043420659069194414 -0.22956441572900074
0.1701286964286674 -1.5379690665867054 0.0002919887109771894 1.3750586707132144 -0.0055355250783528116 -0.22876717169314872
0.16664120793240642 -1.5398538126019783 0.0005568855467179901 1.3739589955332534 -0.00673743272319658 -0.2279861410283718
0.1631338767911023 -1.5417021122291767 0.0008223005085264798 1.372879792900213 -0.007947623216474397 -0.22722140675584387
0.15960704607686227 -1.543513755090463 0.0010882423392006063 1.3718211940280003 -0.009165931947796786 -0.22647305200465165
0.15606105075499718 -1.545288536297144 0.0013547212232543635 1.3707833265813494 -0.010392196105935 -0.22574115768131425
0.1524962808214943 -1.5470262571702564 0.001621741491046431 1.3697663103854936 -0.011626231837671168 -0.2250258060163404
0.14891305416474343 -1.5487267914962255 0.0018893194176163182 1.3687702005090525 -0.012867881228490656 -0.22432707133311186
0.14531180694944087 -1.5503898824884743 0.002157455118624027 1.367795174875521 -0.014116940580363281 -0.22364503644455766
0.14169283913249775 -1.5520154142883646 0.0024261708589046727 1.3668412820912597 -0.015373256354765183 -0.22297977159360366
0.13805656963195168 -1.5536031402652162 0.0026954697743604944 1.3659086948700208 -0.016636629033755294 -0.22233135464734674
0.13440340758609415 -1.5551529555487371 0.002965362317857295 1.3649974495690402 -0.017906863526852994 -0.22169985647428078
0.130733689234367 -1.5566646904808887 0.003235868026702282 1.3641076507838146 -0.019183789237452 -0.22108534601859126
0.12704780602889704 -1.558138112635149 0.003506997358248896 1.3632394637818015 -0.020467213655751004 -0.22048789421449233
0.12334620358768363 -1.5595731315847627 0.003778757700494423 1.3623929152576866 -0.021756925713756085 -0.21990756682089954
0.11962919050855975 -1.5609695916189135 0.004051175801191344 1.3615681013465284 -0.02305276209942947 -0.2193444274401425
0.11589725781747609 -1.5623273419919177 0.004324251624780301 1.3607651109285552 -0.024354492596666066 -0.21879854045070843
0.11215075808032021 -1.5636461681956648 0.004598010137273522 1.3599840998149362 -0.025661935215686996 -0.2182699686713287
0.1083900993912863 -1.5649259970679639 0.004872464419508873 1.3592250859315118 -0.026974889234104293 -0.21775876939919245
0.10461567999865203 -1.566166690455315 0.005147631764965061 1.3584881532208313 -0.028293155662255383 -0.21726500023974143
0.10082788881229965 -1.56736811400074 0.00542353078866834 1.3577733832169572 -0.029616538160658207 -0.21678871713321238
0.09702723187215419 -1.5685301374761014 0.005700166524719197 1.357080855785509 -0.03094479730239709 -0.21632997282424063
0.09321451936865575 -1.5696524185317327 0.005976878342965696 1.3564111721548844 -0.03227680231991172 -0.2158886584053758
0.08938970611690654 -1.5707350558309023 0.006254401966477754 1.3557638714521247 -0.03361331590247294 -0.21546498837504663
0.08555320739696987 -1.5717779300878194 0.006532755168498575 1.3551390289753515 -0.034954125247635574 -0.21505901003573685
0.08170542641841039 -1.572780925729401 0.006811956926077368 1.3545367169283524 -0.036299025068477445 -0.21467076979625407
0.07784681778159114 -1.5737439308190666 0.007092022788020031 1.3539570068942335 -0.037647794720038805 -0.21430031107596575
0.07397782705275942 -1.574666836727385 0.007372969544083397 1.3533999692449843 -0.039000212793156845 -0.21394767492375508
0.0700988280248134 -1.575549538173639 0.007654819852586595 1.352865670450595 -0.04035607963025885 -0.21361290292288024
0.06621030575412473 -1.5763919333011749 0.007937588029760051 1.3523541791484472 -0.04171516574633297 -0.21329603143461773
0.0623126764822851 -1.5771939911910107 0.008221294355174323 1.3518654936620953 -0.04307725657043399 -0.21299709439459963
0.0584064050356394 -1.5779555463485078 0.008505955397828665 1.3513997498204133 -0.04444212461570748 -0.21271612637249515
0.05449188611303138 -1.5786765741968822 0.008791593653442153 1.3509569412006246 -0.04580956218010191 -0.21245315882085308
0.05056956381082853 -1.5793569833313896 0.00907822779285626 1.3505371332066403 -0.047179349717647596 -0.21220822152147306
0.046639934121756856 -1.5799966850484468 0.009365872685371498 1.3501403929207167 -0.048551248828792394 -0.21198133871398284
0.042703360865567724 -1.5805956618374257 0.009654554056157953 1.3497667111100287 -0.049925058658370866 -0.21177253810085925
0.03876037791250008 -1.581153828670816 0.009944283741392727 1.3494161588355635 -0.05130053390021551 -0.21158183761647295
0.03481138919256424 -1.5816711036459745 0.010235084619378462 1.3490887964353278 -0.052677458057434096 -0.21140926063335397
0.030856784861893402 -1.582147407958935 0.010526980448013644 1.348784681244704 -0.05405562616797029 -0.21125483119636795
0.026897067552526372 -1.5825827327479074 0.010819985740324459 1.3485038127680142 -0.05543480150332956 -0.21111856025117345
0.02293273087495102 -1.5829770696111274 0.011114115986757298 1.348246193026276 -0.056814743650844025 -0.2110004558212391
0.018964440224710475 -1.5833303329298944 0.01140939277158253 1.3480127825198556 -0.058194752597433494 -0.21090021076588217
0.014992358450613164 -1.583642459824168 0.01170583620479388 1.3478027393832877 -0.05957509150277479 -0.21081816465995473
0.011016983705999102 -1.583913448471893 0.012003459040760023 1.3476160470254592 -0.06095555673489085 -0.2107543255214217
0.007038706265404591 -1.584143297521183 0.012302285604418567 1.3474526987216975 -0.06233593296034039 -0.21070870221017587
0.0030580183877310565 -1.584332005527274 0.012602330341166005 1.347312700349825 -0.06371599308634765 -0.21068129368851987
-0.000924594172323866 -1.5844795033561911 0.012903608697815677 1.3471961273871518 -0.06509549915922413 -0.2106720980775547
-0.004908716824751674 -1.5845857928841736 0.013206142133897921 1.347102975447411 -0.06647423143852224 -0.21068111653608015
-0.008893949516841589 -1.5846508768195557 0.013509952770782109 1.3470332416338375 -0.0678519825539585 -0.2107083511702772
-0.012879785383118875 -1.5846747570631392 0.013815052516758573 1.3469869388473665 -0.06922852202304995 -0.21075379034274494
-0.016865724106882488 -1.584657435566693 0.01412145409499879 1.3469640818652044 -0.07060360891627043 -0.21081741861278688
-0.020851396225483765 -1.5845989163624836 0.014429182013347943 1.3469646680649654 -0.07197703402744006 -0.21089923449658338
-0.02483633205915435 -1.5844992028379756 0.014738250146006363 1.3469887103725984 -0.07334858031389019 -0.2109992247358991
-0.028820009407391156 -1.584358297585689 0.015048667486935492 1.3470362324057175 -0.07471800744675527 -0.21111736495064215
-0.03280203355258858 -1.5841762731145614 0.01536045485823201 1.3471071723824453 -0.07608510002631969 -0.21125364111215533
-0.03678196952112747 -1.583953132150501 0.01567362809857511 1.347201547767231 -0.07744964806116915 -0.21140803745336084
-0.0407593915016652 -1.583688877836797 0.015988203696504166 1.3473193731589779 -0.07881143914787864 -0.21158053734401724
-0.044733767880438285 -1.5833835795139322 0.016304186810794104 1.347460616683235 -0.08017023917986567 -0.21177110294432097
-0.048704692620502484 -1.5830372390047445 0.016621595333965247 1.3476252978470953 -0.08152583065704809 -0.21197971409450206
-0.05267177772585713 -1.5826499269879744 0.016940447298653658 1.3478133640671006 -0.08287801592934502 -0.21220635080415925
-0.0566345298026213 -1.5822217103996423 0.017260749327476736 1.3480247889766588 -0.08422657662125627 -0.21245097457521628
-0.0605924632908874 -1.5817525865091338 0.01758250907507875 1.3482596156029276 -0.08557128358614663 -0.21271354758393599
-0.06454522222373203 -1.5812426913725335 0.017905746101152187 1.3485177270965008 -0.08691194025484932 -0.21299404361363436
-0.06849229437025996 -1.5806920186028117 0.018230462830392747 1.3487991816835707 -0.08824832946413978 -0.21329241857602138
-0.07243328802401039 -1.5801007001999237 0.01855667384359848 1.3491038767169299 -0.08958024507549853 -0.21360863575134206
-0.07636777266494307 -1.5794687283963462 0.018884388804152226 1.3494318601971869 -0.09090748570531641 -0.2139426605739975
-0.0802952683649727 -1.5787962299831102 0.019213610733792425 1.349783055607566 -0.09222983674477597 -0.2142944380019349
-0.08421542283816681 -1.5780832637157214 0.01954435631267576 1.350157434285288 -0.09354710671533438 -0.21466393762568267
-0.08812772672159024 -1.5773299505767906 0.019876622983317 1.3505549386200169 -0.09485908596524363 -0.21505109561962224
-0.09203179281494754 -1.5765363433830653 0.020210422212315306 1.3509755562381183 -0.096165573650465 -0.21545587071805616
-0.09592719473923404 -1.575702492654701 0.020545759402313967 1.3514192842851043 -0.0974663750547103 -0.21587821519124156
-0.09981351487908945 -1.5748285831279638 0.02088263926437611 1.3518859907774954 -0.09876129621180751 -0.2163180696823144
-0.10369034998486892 -1.5739146592335909 0.02122106821973399 1.3523756826839386 -0.10005014676775814 -0.2167753861918622
-0.1075572513127974 -1.5729608303471552 0.021561045913771122 1.3528883113818653 -0.10133272958804984 -0.21725010079831353
-0.11141383782758799 -1.5719672724059017 0.021902578478820205 1.3534237538319167 -0.1026088594706855 -0.2177421547820558
-0.11525968810283473 -1.5709340195621033 0.022245667167357656 1.3539820362815365 -0.10387834956112263 -0.21825149182037312
-0.11909439054389641 -1.569861172751861 0.022590313055760654 1.3545631152950088 -0.10514101182009689 -0.21877804969838252
-0.122917545927072 -1.5687488979246038 0.022936516911211104 1.355166887364417 -0.10639666478987639 -0.2193217607874264
-0.12672876815620526 -1.5675973565233703 0.02328427993408496 1.3557932548040892 -0.10764513283600938 -0.2198825585383059
-0.1305276274991247 -1.5664066357358533 0.02363359772280486 1.356442202888386 -0.10888623260465681 -0.22046037126627038
-0.1343137617366471 -1.5651768900752074 0.02398447252805231 1.3571136353595226 -0.11011979165761383 -0.22105513395037116
-0.13808653852813427 -1.563908184482418 0.024336900915552715 1.357806751081312 -0.11134510945658187 -0.22166687638083624
-0.141845777222237 -1.5626006801711998 0.02469087581306536 1.3585222883996562 -0.11256249634181038 -0.22229540816797008
-0.1455911046562343 -1.5612545867976506 0.02504639269754058 1.3592601179857282 -0.11377180431897474 -0.22294065241561806
-0.14932209541424712 -1.5598700373491592 0.02540344148790542 1.3600201907674372 -0.11497285689070495 -0.2236025221182584
-0.15303845488978599 -1.5584471662643404 0.025762027109343447 1.3608024215996106 -0.11616550981166432 -0.22428096244561485
-0.1567397850188993 -1.5569860990484456 0.02612214037175523 1.3616067635116897 -0.11734960081531458 -0.22497589163693915
-0.1604256968909861 -1.5554870247611434 0.026483771571100014 1.3624331115340755 -0.11852496676136882 -0.22568721937129685
-0.16409581650000418 -1.5539500593825522 0.026846912727451246 1.3632814251579493 -0.11969144860253741 -0.22641486581596545
-0.16774978095319035 -1.5523754504050749 0.027211553989493837 1.3641515440340266 -0.12084889580776224 -0.22715873636019385
-0.17138730169881644 -1.550763306185328 0.027577695969905374 1.3650434141834011 -0.12199717554342379 -0.2279187727964817
-0.17500792588950811 -1.5491137902342276 0.027945315999598652 1.3659569806167335 -0.12313612027411132 -0.2286948617728465
-0.17861138563421838 -1.547427137453721 0.028314413464113022 1.3668920726943135 -0.12426560280195721 -0.22948693006223123
-0.18219731324759986 -1.545703502434548 0.028684974302458737 1.3678486240093564 -0.1253854815322823 -0.23029488595296638
-0.1857653511230174 -1.5439430347225815 0.029056985160840355 1.3688265700603568 -0.12649561243238508 -0.2311186380820203
-0.1893151535872397 -1.5421459465649314 0.029430431861968587 1.3698257894577468 -0.1275958583105278 -0.23195808805915005
-0.1928463880036276 -1.5403124436833195 0.029805300827754164 1.370846165438762 -0.12868608745808255 -0.2328131401854623
-0.1963587345144037 -1.5384427254662942 0.030181579086304325 1.371887584642745 -0.12976617346449243 -0.23368370169169964
-0.19985188723109307 -1.5365369178414656 0.030559255900944646 1.3729499947882413 -0.1308359935035781 -0.23456969328678307
-0.20332549119846394 -1.5345952736714727 0.030938310043378048 1.3740332499455388 -0.13189541863765922 -0.23547099968242086
-0.20677870278153043 -1.5326180014155308 0.03131803019254888 1.375137036451296 -0.13294319567461088 -0.23638719108855935
-0.21021174565246237 -1.530605308318249 0.03169908833246182 1.376261441533062 -0.13398030907852246 -0.2373184979219031
-0.21362430260872634 -1.5285573588886852 0.03208146450929491 1.3774063894785011 -0.13500664034438176 -0.23826482381580885
-0.21701606744297905 -1.5264743790513289 0.03246514013537185 1.3785717502223302 -0.13602207778610048 -0.23922606443123104
-0.22038674627821053 -1.5243565877373804 0.032850097529976245 1.3797573975878084 -0.13702651478426908 -0.2402021188389276
-0.22373605723943954 -1.5222041968609303 0.03323631971114129 1.3809632089223263 -0.13801984962763442 -0.24119288962423568
-0.22706367026023866 -1.5200174070339234 0.03362377927711155 1.382189089047515 -0.1390019673133448 -0.24219826216722667
-0.23036932652005138 -1.517796483748868 0.03401246164229097 1.3834348661502491 -0.1399727779111509 -0.24321813419620883
-0.23365272029320575 -1.5155416126098595 0.034402341120145695 1.384700452989195 -0.14093217639820727 -0.24425239849076216
-0.23691355655781934 -1.513253039715029 0.034793393368503685 1.385985709942292 -0.14188006457241514 -0.24530093897464247
-0.24015161414261435 -1.51093094118132 0.03518560872337801 1.3872905310708727 -0.14281636518770074 -0.24636367790777952
-0.24336655863912146 -1.508575610945495 0.035578947603876775 1.388614754569228 -0.14374097327102667 -0.24744047172443537
-0.246558190279168 -1.5061872768684073 0.03597340277482184 1.3899582274804156 -0.14465382261624732 -0.2485312378254802
-0.24972619962595013 -1.5037661489503567 0.03636893879836315 1.3913208517795497 -0.14555481589335284 -0.24963585379531772
-0.2528703474475364 -1.5013125019952616 0.03676553602591425 1.3927024530942438 -0.1464438800587223 -0.2507542095789425
-0.25599034786059954 -1.498826529925805 0.03716316394211436 1.3941029414892419 -0.14732092728121501 -0.25188619125848816
-0.25908598430057583 -1.4963084916984566 0.037561804784191834 1.3955221501615935 -0.14818589357818915 -0.2530316971694346
-0.2621569908301421 -1.4937586324366905 0.037961427089073074 1.3969599434180036 -0.1490387018541067 -0.2541906073956668
-0.26520311306274624 -1.491177188976153 0.03836200331866024 1.39841618957213 -0.1498792795953861 -0.2553628065176441
-0.2682241054858746 -1.4885644566227625 0.03876350417662269 1.3998907085907364 -0.15070756060747523 -0.25654816841476485
-0.27121973574473596 -1.485920654277036 0.03916590427975658 1.401383378022931 -0.1515234811397465 -0.2577465867605711
-0.2741897796307144 -1.4832460595859653 0.039569176131090386 1.4028940268937224 -0.15232698348610543 -0.2589579441731789
-0.27713402551678373 -1.4805408743523982 0.039973296264578524 1.4044225406502027 -0.15311801205421602 -0.26018214366008857
-0.2800522667585684 -1.4778054261472031 0.04037823593198512 1.4059687050994385 -0.15389651896911305 -0.2614190606274054
-0.28294424988463657 -1.4750399595444736 0.04078395869077698 1.4075323913942897 -0.15466244172336088 -0.2626685681788328
-0.28580979141717344 -1.4722447162716117 0.04119044422665852 1.4091134464971438 -0.155415738544479 -0.26393056764741324
-0.28864865804035206 -1.469419923494525 0.041597658075261945 1.4107117493508035 -0.15615635486871488 -0.26520494167806735
-0.291460621794541 -1.4665659332184036 0.04200556335667013 1.412327082191391 -0.1568842442220308 -0.26649154373890077
-0.2942455287818546 -1.4636829590847602 0.04241414339376977 1.4139593056693383 -0.15759937620528477 -0.26779029032450663
-0.2970031132526024 -1.4607712605627503 0.04282335128131612 1.4156082910670365 -0.15830169349857517 -0.2691010378706404
-0.29973323532486 -1.457831167133819 0.043233168687036166 1.417273807155322 -0.15899117712704855 -0.2704236777481892
-0.3024357066670881 -1.4548629242888522 0.043643563335254994 1.4189557073596828 -0.15966779307804435 -0.27175810010885865
-0.3051102895447499 -1.4518667621816292 0.04405449464868396 1.4206538779088584 -0.1603314950057009 -0.27310417645548885
-0.30775680954340195 -1.4488430416555336 0.044465931692313096 1.422368082381108 -0.16098226051454734 -0.27446177047190584
-0.31037510626959786 -1.445791978838776 0.044877849065731196 1.4240981881519497 -0.16162006618839683 -0.27583078846145437
-0.31296502159762357 -1.4427139140558136 0.04529021445635385 1.4258439699398038 -0.16224489596395822 -0.2772111035579355
-0.31552635281624625 -1.4396090369953158 0.045702992098281464 1.427605334050681 -0.16285671700277474 -0.27860260856088326
-0.31805889770116064 -1.4364777283218548 0.04611613887215162 1.4293820470757295 -0.16345550659563188 -0.28000514293513923
-0.32056252724818646 -1.4333202305593398 0.04652963373625957 1.431173947626583 -0.16404125631736105 -0.28141861559956854
-0.32303705818227735 -1.4301368360771924 0.04694343652427557 1.4329808615800268 -0.1646139474497067 -0.2828428960009423
-0.32548237380107187 -1.4269278340899567 0.04735752412252753 1.4348025898135766 -0.16517357951759015 -0.2842778835038793
-0.32789824770891834 -1.4236934890895323 0.04777184606283286 1.4366389992868467 -0.16572012452735693 -0.2857234335728045
-0.3302845761474514 -1.4204341364474324 0.04818638090828195 1.4384898543240647 -0.16625359021334332 -0.2871794358003671
-0.3326411484524617 -1.4171500190626476 0.048601080803299015 1.4403550328529782 -0.16677395463003836 -0.2886457567822161
-0.3349678757970446 -1.4138414514613062 0.049015926687178635 1.4422343095111267 -0.1672812310122438 -0.2901222969611471
-0.3372646133988656 -1.4105087954682325 0.049430876835652095 1.4441274513852278 -0.16777542237022108 -0.2916089151240516
-0.33953117224304113 -1.4071522610843001 0.04984589021525846 1.4460343529642583 -0.16825651493507718 -0.2931054950228333
-0.34176742284463935 -1.4037721892801183 0.05026093425081966 1.447954791491934 -0.16872451736081098 -0.29461190664079395
-0.34397324542455854 -1.4003688432088595 0.05067597898375257 1.4498885950989489 -0.16917943825185508 -0.29612804791402747
-0.3461485193846998 -1.3969426078373184 0.05109098596474365 1.4518355090736454 -0.1696212934189372 -0.297653776489693
-0.34829308897452 -1.393493734579338 0.051506788851591 1.453795378355502 -0.17005008167393093 -0.29918899722913483
-0.3504068399051622 -1.3900225692061834 0.05192249497436882 1.455767986854366 -0.17046583412744193 -0.30073355902467547
-0.3524896195315559 -1.386529321003579 0.0523380438231915 1.457753216736253 -0.17086855445782673 -0.30228735793686207
-0.35454132899960344 -1.3830143974172773 0.05275339855753498 1.4597507933645986 -0.17125827030302201 -0.3038502495047669
-0.3565618816419539 -1.3794780603107328 0.053168532132672086 1.4617605352283989 -0.17163500592492542 -0.30542214309180815
-0.35855113428412944 -1.3759206194104077 0.053583402132144554 1.4637822552924813 -0.17199877616212078 -0.3070029040439562
-0.36050894630859964 -1.3723424388974588 0.053997964572414126 1.4658157306772273 -0.17234960084997503 -0.30859237892853486
-0.3624351906992489 -1.3687437386409056 0.05441218712132004 1.467860828002419 -0.17268749670559888 -0.3101904704728795
-0.36432979597941634 -1.365124869445686 0.05482603953979509 1.4699173030069501 -0.17301250153489423 -0.3117970615805867
-0.3661926370594412 -1.3614861613094658 0.055239479314786816 1.4719849508954992 -0.17332464114016446 -0.3134120154865917
-0.368023594253523 -1.3578279323581688 0.05565246729784572 1.4740635730640284 -0.1736239433229516 -0.31503520142816677
-0.36982261035013464 -1.3541504976881305 0.0560649770050245 1.4761529445098294 -0.1739104510899822 -0.3166665195063695
-0.37158951273621527 -1.350454209274324 0.056476952644855166 1.4782528715936292 -0.17418418511216824 -0.31830579871219916
-0.37332425394254765 -1.346739358409692 0.05688837256981667 1.4803631415362042 -0.17444519185101584 -0.319952951335724
-0.3750267319778038 -1.3430062169084462 0.05729920035558618 1.4824835795546965 -0.1746935058131131 -0.3216078698770963
-0.37669684105077145 -1.3392551773168713 0.057709391701127044 1.484613938083657 -0.17492916897889665 -0.3232703981312816
-0.3783344837080156 -1.3354865530698943 0.058118909455312825 1.4867540160235926 -0.17515222199486472 -0.32494041342064756
-0.3799396236746447 -1.3317006551563588 0.05852772901571454 1.488903585387648 -0.17536271982386736 -0.3266178238001325
-0.3815121081830633 -1.3278978306185567 0.05893579583468064 1.4910624520271538 -0.17556069586246834 -0.3283024645645662
-0.38305185134175396 -1.3240783579835467 0.059343078758559015 1.4932304325993637 -0.1757461951258741 -0.3299942309970606
-0.3845588235369234 -1.3202425797522679 0.05974955110222212 1.4954072787134434 -0.17591927962142603 -0.3316930202190458
-0.38603287814837306 -1.316390873077396 0.060155155962671424 1.497592777997266 -0.17607999021171158 -0.3333986558625092
-0.3874739349975031 -1.312523546016602 0.06055986013565378 1.499786728692166 -0.17622837888646634 -0.33511102233834283
-0.38888197394348545 -1.3086409047351375 0.0609636407635038 1.5019889017908938 -0.17636451117034546 -0.3368300345047896
-0.3902568573267104 -1.3047432907238017 0.06136644438530462 1.504199104333236 -0.17648843184899887 -0.3385555329852433
-0.39159850904634236 -1.300831042861015 0.0617682353168609 1.5064171163743767 -0.1766001995777753 -0.34028738975829526
-0.3929069125730179 -1.2969044974458424 0.06216898827928612 1.5086426915621223 -0.17669988619490218 -0.34202550714652763
-0.3941819334004779 -1.2929640247502785 0.06256864713131773 1.5108756215746837 -0.17678754325069332 -0.3437697126274145
-0.3954235027270373 -1.2890099269021817 0.06296718003412793 1.5131157062938065 -0.17686323247393573 -0.3455198959195864
-0.39663161087201787 -1.2850425048191096 0.06336456540688648 1.5153627180063758 -0.17692702841771435 -0.34727597685590306
-0.3978061250480515 -1.281062158927498 0.06376074402573007 1.5176164331625384 -0.17697898918752636 -0.34903776822963084
-0.3989470349062762 -1.2770692307712848 0.06415569284685053 1.5198766032886184 -0.17701919434804708 -0.35080517018764223
-0.40005421610861724 -1.2730640302086413 0.06454936180738419 1.5221430529207731 -0.1770477004921853 -0.35257803912344887
-0.40112765698176306 -1.2690469407465552 0.06494172356791846 1.524415512589524 -0.17706459221058257 -0.35435625418043004
-0.4021672364855885 -1.2650182481317753 0.06533273061774934 1.5266938195516055 -0.1770699278449132 -0.35613968371918014
-0.4031729410867911 -1.260978377312734 0.06572235126376168 1.528977684743096 -0.17706379700423674 -0.3579281850498062
-0.40414470966283084 -1.2569275996206555 0.06611055210580996 1.5312669252803937 -0.17704627098354153 -0.35972166286687096
-0.4050824725162285 -1.2528663059827512 0.0664972894232546 1.5335612993112708 -0.17701742903278142 -0.3615199604986255
-0.4059861661245746 -1.2487948096128594 0.06688252799375916 1.5358606038863736 -0.1769773474514207 -0.3633229609637792
-0.4068557230611656 -1.2447134773773167 0.0672662267452238 1.5381646104914954 -0.1769261069197381 -0.365130518916061
-0.40769113394137463 -1.2406226739890176 0.06764835744004699 1.5404730646637763 -0.17686379984252718 -0.3669425186122325
-0.4084923265499422 -1.2365228059690092 0.06802887149970205 1.5427857219659373 -0.17679051152667452 -0.36875879091075575
-0.40925923980481166 -1.232414137700648 0.06840773874762607 1.5451024057568212 -0.17670632029668565 -0.3705792424931461
-0.40999180313030603 -1.2282970530535036 0.06878491572542814 1.5474228839069757 -0.1766113127625974 -0.3724037152323672
-0.41069000376520287 -1.22417193357286 0.06916037195155016 1.5497468987586465 -0.17650558691756926 -0.37423208038314065
-0.4113537760915982 -1.2200390734736541 0.06953407100769621 1.552074262134563 -0.17638922622884315 -0.3760642265261123
-0.4119831017190243 -1.2158988960726127 0.06990597711116572 1.5544047003369652 -0.17626233322665746 -0.3778999991904029
-0.4125779155594173 -1.2117517743793351 0.07027685931314606 1.5567379938109747 -0.176124995982328 -0.3797392758780299
-0.4131381326581843 -1.2075980206591888 0.07064506578420693 1.559073947137908 -0.17597731605809516 -0.38158186300648006
-0.41366374885886575 -1.2034380316477724 0.07101216109637801 1.561412305575679 -0.17581938419618454 -0.38342768576607966
-0.4141547417870205 -1.19927214570289 0.07137732618799941 1.5637528384637511 -0.17565131281312657 -0.3852765980327686
-0.4146110334070121 -1.1951007146269303 0.071740499525938 1.566095339936412 -0.17547319537521583 -0.3871284484180057
-0.41503260332684644 -1.1909240904525102 0.07210165171638555 1.5684395772677815 -0.17528513589373987 -0.38898311447242095
-0.4154194244156826 -1.1867426778825727 0.07246074548669688 1.5707852977436345 -0.17508724259632583 -0.39084044080033875
-0.41577146832157397 -1.1825568688298203 0.07281774477439107 1.5731322564591121 -0.1748796237420415 -0.3927002772816569
-0.41608865377852167 -1.1783669682979403 0.07317261234249087 1.5754802737590574 -0.1746623733822941 -0.39456249514376474
-0.41637100319159276 -1.1741734208432908 0.0735253188113701 1.5778290591768325 -0.17443561453772174 -0.3964269384456953
-0.4166184327658649 -1.1699765080138422 0.07387582766150033 1.5801784459248895 -0.17419944143427957 -0.39829348949857957
-0.4168308994618788 -1.1657767046866654 0.07422409381152495 1.582528163981681 -0.17395397164900067 -0.40016194063446475
-0.4170084332707604 -1.1615742907940243 0.07457010581729273 1.5848779947657956 -0.17369931943556655 -0.4020322303864105
-0.4171509868319681 -1.15736971780977 0.07491381685086869 1.587227683294448 -0.17343560218030757 -0.40390415982990296
-0.41725852307668215 -1.1531632962893175 0.07525519963911398 1.5895770309245405 -0.1731629284312809 -0.4057776159522074
-0.41733099220639325 -1.1489554545579814 0.07559421194839434 1.5919257962715367 -0.17288141575985033 -0.40765241006701425
-0.4173684064523758 -1.1447465553848324 0.07593083121362565 1.5942737376363252 -0.17259118677001087 -0.40952842116881133
-0.4173707177970828 -1.1405369397720222 0.0762650238165761 1.5966206512232162 -0.17229235428637021 -0.41140551123949254
-0.4173379228997415 -1.1363270765363687 0.07659675306730634 1.5989662617161757 -0.17198504967423336 -0.41328348647341095
-0.4172700274991834 -1.1321172936783244 0.07692599809125823 1.6013103479428585 -0.17166939472071027 -0.41516224083287256
-0.4171669712351601 -1.1279079621291133 0.07725272067968074 1.6036527029061372 -0.17134550628959047 -0.4170416099485253
-0.4170287444322272 -1.1236995164036354 0.07757688788874155 1.605993072522543 -0.17101351513674157 -0.41892141392452803
-0.41685534084569137 -1.1194923149999343 0.07789847439708615 1.608331232249191 -0.17067354698346707 -0.4208015199683776
-0.41664668814736894 -1.1152867584619144 0.07821743769239674 1.6106669726605523 -0.170325722929813 -0.42268173694503025
-0.41640283449158977 -1.1110831947436095 0.07853376725912599 1.613000050523063 -0.1699701773328015 -0.4245619629391814
-0.4161237542501084 -1.1068820772452301 0.07884742230054258 1.6153302179361102 -0.16960704449201958 -0.42644199343860045
-0.41580943167863677 -1.1026837203083815 0.07915838265837048 1.617657275590382 -0.16923644874454355 -0.4283217156286907
-0.4154598943299341 -1.0984885669118942 0.07946662208137216 1.6199809584925875 -0.16885853258650046 -0.4302009541179138
-0.41507510828659533 -1.0942970365150013 0.07977210353392089 1.6223010397548747 -0.16847342907163976 -0.43207951811568424
-0.4146550437625438 -1.0901094740540256 0.08007480229959789 1.6246173185718755 -0.16808126605816512 -0.4339572660574558
-0.41419977237902716 -1.085926363106761 0.08037469726954048 1.626929501487889 -0.16768219809686732 -0.4358340117431631
-0.41370919938731276 -1.0817480148640588 0.08067175190410761 1.6292374307894475 -0.16727634322777454 -0.4377096035892442
-0.4131833974276268 -1.0775748285986595 0.0809659586288226 1.6315408451717524 -0.16686384993271164 -0.4395839085390647
-0.4126223699932075 -1.073407244501753 0.0812572854274752 1.6338395017124159 -0.16644486226754632 -0.4414567327878908
-0.4120260657008409 -1.0692456172800633 0.08154570298644549 1.6361332117155658 -0.16601951025109252 -0.44332791359179524
-0.4113945352668429 -1.0650904400046417 0.08183118773138315 1.638421697708899 -0.1655879502279607 -0.44519724005952716
-0.4107277794017319 -1.060942055847294 0.08211372053504308 1.6407047551038814 -0.16515031912065534 -0.4470645781814624
-0.41002578957993485 -1.0568008622006393 0.08239327688642774 1.6429821667738551 -0.16470675834381077 -0.44892975218500086
-0.4092886127257118 -1.052667257167106 0.08266984337149375 1.645253693186925 -0.16425741672489647 -0.4507926091406577
-0.40851622693326384 -1.0485416803451808 0.08294338665170044 1.6475191128345823 -0.16380243923104498 -0.452652935393221
-0.4077086725427693 -1.0444245084002457 0.08321389596346443 1.6497781990939404 -0.1633419728960036 -0.45451058695737717
-0.4068659730710522 -1.0403162336085072 0.08348134116157464 1.6520306990044489 -0.16287617413316022 -0.45636532990121326
-0.405988109238515 -1.036217137232388 0.08374571096568557 1.6542764428221675 -0.1624051748480736 -0.45821705851750855
-0.4050751505451953 -1.03212776578477 0.0840069807991313 1.656515146346814 -0.16192914279960471 -0.4600655169056718
-0.40412712245112886 -1.0280484532365295 0.08426513991042185 1.6587466085349771 -0.161448220803642 -0.4619105787257256
-0.4031440404008491 -1.023979588428146 0.08452017196442768 1.660970617611085 -0.16096255603140805 -0.46375207340007274
-0.4021259620937839 -1.019921686233143 0.08477205330997654 1.663186910812415 -0.16047231276231763 -0.4655897556470603
-0.40107290165123716 -1.015875050792719 0.08502077683810232 1.6653953042879999 -0.1599776303901294 -0.46742351225273937
-0.3999849090752748 -1.0118401772478178 0.08526632109630997 1.6675955482945748 -0.15947867081761188 -0.46925310496125366
-0.39886197797037093 -1.0078174755024838 0.0855086631663553 1.669787441158732 -0.15897558177085855 -0.4710783322352108
-0.39770422337294686 -1.0038073048512677 0.08574781213084318 1.6719707482577353 -0.15846851916288865 -0.47289907839695655
-0.3965116758651976 -0.9998101922192995 0.08598373508449432 1.6741452262296777 -0.157957646186088 -0.47471506687439063
-0.39528432337631036 -0.9958264548712301 0.08621642183575082 1.6763107048207784 -0.15744310112226448 -0.4765261581000312
-0.39402225602027974 -0.9918565486395965 0.08644586645501363 1.6784669399572225 -0.15692504638402222 -0.47833214900154714
-0.39272555873672416 -0.9879009182634894 0.08667205825501495 1.6806136950240997 -0.15640364259973485 -0.480132839998061
-0.3913942524943805 -0.9839599878180951 0.08689497808814364 1.6827507650998048 -0.15587904162892396 -0.48192801975326255
-0.39002842079933225 -0.9800341202109806 0.08711462966416492 1.6848779381911225 -0.15535139536195414 -0.483717546537058
-0.3886281289238532 -0.9761237943460873 0.08733099586037713 1.6869949833327853 -0.15482086499413497 -0.48550118090358585
-0.38719337863751113 -0.9722294678115703 0.08754405155144133 1.689101700512075 -0.15428760305431852 -0.48727867307482536
-0.3857243009919631 -0.96835148436023 0.08775381324725126 1.6911978703502812 -0.15375176300617246 -0.4890499089058769
-0.38422100754114863 -0.964490304081752 0.08796027284704944 1.6932832562698374 -0.15321350741178907 -0.4908146742533006
-0.38268348579116396 -0.960646356736595 0.08816340471304128 1.6953576754856838 -0.15267298345673486 -0.49257273000206203
-0.3811118991971935 -0.9568200925996926 0.08836321843228326 1.697420879862691 -0.15213035635849917 -0.49432388453874976
-0.37950628951702603 -0.9530119621522812 0.0885603963035484 1.6994726659633486 -0.1515857759680678 -0.4960679285531106
-0.3778667470649473 -0.9492223265297085 0.08875355259211605 1.701512838723574 -0.15103940399617033 -0.49780464849263684
-0.3761933646424734 -0.9454516564151372 0.08894404066096448 1.7035411740989177 -0.1504913855141649 -0.49953386317913845
-0.37448622702390555 -0.9417003263355664 0.08913119104907821 1.7055574787942314 -0.14994187770209247 -0.5012553737026544
-0.3727454074426263 -0.9379687920572765 0.08931497374010838 1.7075615464757865 -0.1493910341695002 -0.5029689391598964
-0.3709710346304779 -0.9342575095452278 0.08949538593235967 1.7095531545434055 -0.14883901220200924 -0.5046743361565471
-0.3691632386688299 -0.9305668631905235 0.08967243321448416 1.7115320962953184 -0.14828596093712781 -0.5063713971522249
-0.36732213026239924 -0.9268973525453695 0.08984610245933267 1.7134981519623051 -0.14773203824668257 -0.5080598519187542
-0.36544776923842764 -0.9232493340227251 0.09001639283240093 1.7154511470550726 -0.14717738215799647 -0.5097395279466534
-0.36354032462756386 -0.9196232370070819 0.09018331211171512 1.717390860474654 -0.14662214604912108 -0.511410227473935
-0.3615998921675474 -0.9160195339797548 0.09034684655412786 1.719317089307388 -0.14606648020882262 -0.5130716902766631
-0.35962663007473833 -0.9124386348007545 0.09050700256541591 1.7212296245655687 -0.14551053238977604 -0.5147237257797541
-0.3576206305804808 -0.9088809321036956 0.09066377686167484 1.7231282826445418 -0.14495444183242007 -0.5163661344315433
-0.3555820347296141 -0.9053468809114847 0.090817166920176 1.7250128565621845 -0.14439835652854685 -0.517998678071299
-0.3535109780714124 -0.9018369264274695 0.09096716822863508 1.7268831452120845 -0.14384242149523063 -0.5196211222986172
-0.3514075979331174 -0.8983514433200473 0.09111378618409641 1.728738960518385 -0.14328677319209163 -0.5212332903738472
-0.34927207241851577 -0.8948909297860708 0.09125701440711602 1.7305800854531266 -0.14273156198041853 -0.5228349109794629
-0.3471044670441271 -0.8914557340736801 0.09139684878277238 1.7324063607776927 -0.14217691276877256 -0.5244258040192248
-0.34490501069837304 -0.8880463452905553 0.091533293340377 1.7342175615926243 -0.1416229752812165 -0.5260057156183872
-0.3426738182864169 -0.8846631030233386 0.09166634907568047 1.7360135196385602 -0.1410698737901601 -0.5275744836163966
-0.34041110673641434 -0.8813064791478359 0.0917960172152628 1.737794021531713 -0.140517751503788 -0.529131859451255
-0.3381169650232717 -0.8779769192960634 0.09192227915741505 1.7395588948990748 -0.1399667375930243 -0.5306775782545204
-0.3357916064605137 -0.8746748147109228 0.09204514614113911 1.7413079438522368 -0.13941696278630097 -0.5322114545416172
-0.33343517697261665 -0.8714005410075589 0.09216461646251381 1.7430409944352978 -0.1388685493629597 -0.5337332955556967
